# id	file_path	transparent_color_r	g	b
[TEXTURES]
0	textures\mario.png	255	255	255
20	textures\misc.png	176	224	248
10	textures\enemies.png	3	26	110
30	textures\map.png	255	255	255
40	textures\enemies-2.png	0	128	128
50	textures\enemies-3.png	255	255	255
60	textures\map1_1.png	255	255	255
70	textures\mario1.png	255	255	255
80	textures\tile_set.png	255	128	192
90	textures\hud.png	51	255	191
100	textures\mario3.png	255	255	255
110	textures\endtext.png	0	255	255
120	textures\misc2.png	176	224	248
130	textures\misc3.png	166	185	255
140	textures\map1_4.png	255	255	255

# id	left	top	right	bottom	texture_id


#---------------------------------------------------------------------
[SPRITES]
# Back Ground
1	0	0	2816	656	60
#===============BACK GROUND=================


# BIG MARIO 
# idle right
10001	246	154	260	181	0
# walk
10002	275	154	290	181	0		
10003	304	154	321	181	0
# idle left
10011	186	154	200	181	0
#walk
10012	155	154	170	181	0
10013	125	154	140	181	0
# die 
10099	215	120	231	135	0
# SMALL MARIO
# idle small right
10021	247	0	259	15	0
# walk
10022	275	0	291	15	0
10023	306	0	320	15	0
# idle small left
10031	187	0	198	15	0
# walk
10032	155	0	170	15	0
10033	125	0	139	15	0
# idle tail right
10041	242	634	264	661	0
#walk
10042	272	634	294	661	0
10043	303	634	324	661	0
# idle tail left
10051	182	634	204	661	0
#walk
10052	152	634	174	661	0
10053	122	634	144	661	0

# jumping small right
10061	395	79	409	95	0
# jumping small left
10062	35	79	50	95	0
# jumping big right
10071	395	275	411	300	0
#jumping big left
10072	35	275	51	300	0
# jumping tail right
10081	392	754	415	780	0
#jumping tail left
10082	31	754	54	780	0

#mario KICK 
# kick big right
11001	423	274	443	301	0
# kick big left
11002	2	274	22	301	0

# kick small right
11003	425	80	440	95	0	
# kick small left
11004	5	80	20	91	0

# kick tail right
11005	422	754	443	781	0
# kick tail left
11006	2	754	23	781	0

# tail hold right
# idle 
11011	242	794	264	822	0
# walk
11012	272	794	294	822	0
11013	303	794	324	822	0

# tail hold left
# idle 
11021	182	794	204	822	0	
# walk
11022	152	794	174	822	0	
11023	122	794	141	822	0

#idle big hold right
11031	336	234	350	261	0
# walk
11032	276	314	291	341	0
11033	305	315	321	341	0
# idle hold left
11041	96	234	110	261	0	
# walk
11042	155	314	170	341	0
11043	125	315	141	341	0

# tail swing 
# right
11051	236	443	259	471	70
# front
11052	204	633	231	662	0
# back
11053	136	443	170	471	100
# left
11054	204	674	231	702	0

# Speed Up tail
# Right
11061	211	523	235	551	70
11062	251	523	275	551	70
11063	291	523	315	551	70
# Left
11064	171	523	195	551	70
11065	131	523	155	551	70
11066	91	523	115	551	70
# BIG
# right
11071	213	323	232	350	70
11072	253	323	272	350	70
11073	293	324	312	350	70
# left
11074	174	323	193	350	70
11075	134	323	153	350	70
11076	94	323	113	350	70
# SMALL
# right
11081	215	169	231	185	70
11082	255	169	271	185	70
11083	255	129	271	145	70
# left
11084	175	169	191	185	70
11085	135	169	151	185	70
11086	135	129	151	145	70

# idle fire right
10091	216	683	230	710	70
# walk
10092	255	683	271	710	70		
10093	295	684	311	710	70
# idle fire left
10094	176	683	190	710	70
# walk	
10095	135	683	151	710	70
10096	95	684	111	710	70

# jumping fire right
10097	335	684	351	710	70
# jumping fire left
10098	55	684	71	710	70

# Fly right
10101	371	603	395	630	70
10102	331	603	355	630	70
# falling
10103	291	603	315	631	70

# Fly left
10104	11	603	35	630	70
10105	51	603	75	630	70
# falling
10106	91	603	115	631	70

# tail wagging right
10107	211	603	234	630	70
10108	252	603	274	631	70
# tail wagging left
10109	172	603	195	630	70
10110	132	603	154	631	70

# Big crouch right
10111	376	248	390	266	70
# Big crouch left
10112	16	248	30	266	70
# Tail crouch right
10113	372	448	394	466	70
# Tail crouch left
10114	12	448	34	466	70

# Mario drift
# small right
10121	176	129	190	145	70
# small left
10122	216	129	230	145	70
# big right
10123	175	283	191	311	70
# big left
10124	215	283	231	311	70
# tail right
10125	175	482	191	512	70
# tail left
10126	215	482	231	512	70

# ---------------SMALL AND BIG FLY
# ---Small ------
# Right
10131	296	209	310	224	70
10132	336	209	350	225	70
# Left
10133	96	209	110	224	70
10134	56	209	70	225	70
# ---Big---------
# Right
10135	294	363	312	390	70
10136	333	364	352	390	70
# Left
10137	94	363	112	390	70
10138	54	364	73	390	70
	
# ==================== BRICK =============
20001	408	225	424	241	20
20002	16	416	32	432	30
20003	640	416	656	432	30

#BRICK GOLD
20050	274	188	290	204	130	
20051	293	188	309	204	130
20052	312	188	328	204	130
20053	331	188	347	204	130
#20054	372	135	388	151	20

#BRICK GREEN
20006	352	368	368	384	30
20007	368	368	384	384	30
20008	352	384	368	400	30
20009	368	384	384	400	30

#White Brick
20010	354	243	370	259	20

#Color Brick
# Green Block
20011	400	368	416	384	30
20012	416	368	432	384	30
20013	464	368	480	384	30
20014	400	384	416	400	30
20015	416	384	432	400	30
20016	464	384	480	400	30
20017	400	400	416	416	30
20018	416	400	432	416	30	
20019	464	400	480	416	30

# White Block
20021	512	304	528	320	30
20022	528	304	544	320	30
20023	560	304	576	320	30
20024	512	320	528	336	30
20025	528	320	544	336	30
20026	560	320	576	336	30


# Blue Block
20031	272	336	288	352	30
20032	288	336	304	352	30
20033	304	336	320	352	30
20034	272	352	288	368	30
20035	288	352	304	368	30
20036	304	352	320	368	30
#20037
20038	288	400	304	416	30
20039	304	400	320	416	30

# Pink Block
20041	240	368	256	384	30
20042	256	368	272	384	30
20043	272	368	288	384	30
20044	240	384	256	400	30
20045	256	384	272	400	30
20046	272	384	288	400	30
20047	240	400	256	416	30
20048	256	400	272	416	30
20049	272	400	288	416	30

# Platform green brick
21051	0	352	16	368	140
21052	16	352	32	368	140
21053	144	352	160	368	140
21054	0	368	16	384	140
21055	144	368	160	384	140
21056	16	368	32	384	140

# Fixed Brick
21010	254	188	270	204	130
# Group Fixed brick
21001	1920	400	1936	416	140	
21002	1936	400	1952	416	140
21003	2032	400	2048	416	140
21004	1920	416	1936	432	140
21005	1936	416	1952	432	140
21006	2032	416	2048	432	140

# Moving Brick
21000	352	167	400	183	140

# ================GOOMBA
30001	5	14	21	29	10
30002	25	14	41	29	10
#die
30003	45	21	61	29	10
# die fly
30004

# =================Para Goomba
# winging
30005	113	50	133	74	50
30006	163	50	183	74	50
# wing
30007	213	47	233	71	50
30008	263	47	283	71	50
# normal
30009	15	54	31	70	50
30010	65	54	81	70	50
# Die
30011	315	57	331	66	50

#brick with question mark animation
40001	300	117	316	133	20
40002	318	117	334	133	20
40003	336	117	352	133	20
40004	355	117	370	133	20
44005	372	117	388	133	20

#brick blue
40005	1968	464	1984	480	30

# ==============KOOPAS GREEN
# walk left
50001	165	99	181	125	50
50002	125	98	141	125	50
# walk right
50011	215	99	231	125	50
50012	255	98	271	125	50
# die down
50031	50	104	66	120	50
# die walking down
50032	15	104	31	120	50
50036	15	129	31	145	50
50037	15	154	31	170	50
# die up
50033	330	104	346	120	50
# wait to normal down
50034	84	103	102	120	50
# wait to normal up
50035	294	103	312	120	50
# die walking up
50038	365	104	381	120	50
50039	365	129	381	145	50
50040	365	154	381	170	50

# ==============KOOPAS RED
# walk left
51001	165	199	181	225	50
51002	125	198	141	225	50
# walk right
51011	215	199	231	225	50
51012	255	198	271	225	50
# die down
51031	50	203	66	219	50
# die walking down
51032	15	204	31	220	50
51036	15	229	31	245	50
51037	15	254	31	270	50
# die up
51033	330	204	346	220	50
# wait to normal down
51034	84	203	102	220	50
# wait to normal up
51035	294	203	312	220	50
# die walking up
51038	365	204	381	220	50
51039	365	229	381	245	50
51040	365	254	381	270	50

# ==================KOOPAS WING
# winging left
50041	165	148	181	175	50	
50042	125	148	141	176	50
# winging right
50043	215	148	231	175	50
50044	255	148	271	176	50
# wing walking left
50045	85	149	101	175	50	
50046	45	148	61	175	50
# wing walking right
50047	295	149	311	175	50
50048	335	148	351	175	50	

# ================GOLD---
60001	303	99	313	115	20
60002	321	99	331	115	20
60003	339	99	349	115	20

# Venus Red
70001	165	545	181	578	50
70002	115	545	131	578	50	
70003	215	545	231	578	50
70004	265	545	281	578	50
70005	65	545	81	578	50
70006	15	545	31	578	50	
70007	315	545	331	578	50
70008	365	545	381	578	50
# Venus Green
70011	164	399	181	424	50
70012	64	399	81	424	50
70013	115	399	131	424	50
70014	15	399	31	424	50
70015	214	399	231	424	50
70016	314	399	331	424	50
70017	264	399	281	424	50
70018	364	399	381	424	50
# Venus no fire
70021	15	349	31	374	50
70022	65	350	81	374	50

# fire 
80000	114	657	122	666	50	
80001	134	658	142	666	50
80002	154	657	162	666	50
80003	174	658	182	666	50
# Star
80004	300	189	316	205	20
80005	336	189	352	205	20
80006	354	189	370	205	20
# LEAF
80007	300	208	316	222	20
80017	323	208	339	222	120
# Mushroom
80008	300	189	316	205	20	
# 1-LevelUp
80009	318	189	334	205	20
# Button
80010	290	239	306	255	80
80011	200	144	216	160	130

# ====== BỤI CÂY======
#width 15 height 16
77001	138	1	153	17	80
77002	154	1	169	17	80
#width 16 height 16
77003	137	18	153	34	80
77004	154	18	170	34	80
77005	137	35	153	51	80
77006	154	35	170	51	80
77007	137	52	153	68	80
# CÂY NHỎ
77008	222	205	238	221	80
#----Khung trắng
77011	2672	320	2688	336	60
77012	2688	320	2704	336	60
77013	2704	320	2720	336	60
77014	2672	336	2688	352	60
77015	2704	336	2720	352	60
77016	2672	352	2688	368	60
77017	2688	352	2704	368	60
77018	2704	352	2720	368	60
#----Mây trắng
77021	112	272	128	288	60
77022	128	272	144	288	60
77023	160	272	176	288	60
77024	112	288	128	304	60
77025	128	288	144	304	60
77026	160	288	176	304	60
#----Khúc tam giác đen
88001	103	52	119	68	80
#----cục đen bình thường
88002	120	52	136	68	80
# -----Bụi cây đen
880001	103	1	119	17	80
880002	120	1	136	17	80
880003	103	18	119	34	80
880004	120	18	136	34	80
880005	103	35	119	51	80
880006	120	35	136	51	80
880007	120	52	136	68	80	

# HUD
50000	5	120	316	158	90
# Number
90000	77	31	85	38	90
90001	87	31	95	38	90
90002	97	31	105	38	90
90003	107	31	115	38	90
90004	117	31	125	38	90
90005	127	31	135	38	90
90006	137	31	145	38	90
90007	147	31	155	38	90
90008	157	31	165	38	90
90009	167	31	175	38	90
# Item
# Mushroom
91001	188	165	204	181	90
# Flower
91002	212	165	228	181	90
# Star
91003	236	165	252	181	90
# Chữ M
91004	16	160	31	167	90
# Chữ L
91005	16	170	31	177	90
# Power
# Mũi tên
91011	64	162	72	169	90	
91012	92	162	99	169	90
# Chữ P
91013	71	162	88	169	90
91014	100	162	115	169	90

# End text
91021	71	41	183	53	110
91022	55	57	204	86	110

# ============= EFFECT===================
# Score effect
# 100
101	458	223	469	231	20
# 1000
102	471	223	485	231	20
# UP
103	596	174	617	188	20
# Gold brick break effect
111	494	120	502	128	20

#-------------------------------------------------------------------------------------						
# ani_id	sprite1_id	time1	sprite2_id	time2	...
[ANIMATIONS]

#=====BACKGROUND====
# green block		
611	20011	100
612	20012	100
613	20013	100
614	20014	100
615	20015	100
616	20016	100
617	20017	100
618	20018	100
619	20019	100
		
#White block		
621	20021	100
622	20022	100
623	20023	100
624	20024	100
625	20025	100
626	20026	100
		
# Blue Block		
631	20031	100
632	20032	100
633	20033	100
634	20034	100
635	20035	100
636	20036	100
#637	20037	100
638	20038	100
639	20039	100
		
# Pink Block		
641	20041	100
642	20042	100
643	20043	100
644	20044	100
645	20045	100
646	20046	100
647	20047	100
648	20048	100
649	20049	100

# bụi cây lớn
301	77001	100
302	77002	100
303	77003	100
304	77004	100
305	77005	100
306	77006	100
307	77007	100
# cây nhỏ
300	77008	100

# Bụi cây đen
311	880001	100
312	880002	100
313	880003	100
314	880004	100
315	880005	100
316	880006	100
317	880007	100

# Tam giác đen
310	88001	100
# Khung trắng
321	77011	100
322	77012	100
323	77013	100
324	77014	100
325	77015	100
326	77016	100
327	77017	100
328	77018	100
# Mây trắng
331	77021	100
332	77022	100
333	77023	100
334	77024	100
335	77025	100
336	77026	100

# ==== MARIO =========
#idle BIG right
400	10001	100
#idle BIG left
401	10011	100
#idle small right
402	10021	100
#idle small left
403	10031	100
#idle tail right
404	10041	100
#idle tail left
405	10051	100

#walk right big
500	10001	100	10002	100	10003	100
#walk left big
501	10011	100	10012	100	10013	100
#walk right small
502	10021	100	10022	100	10023	100
#walk left small
503	10031	100	10032	100	10033	100
#walk right tail
504	10041	100	10042	100	10043	100
#walk left tail
505	10051	100	10052	100	10053	100

# jumping BIG right
60	10071	100
#jumping BIG left
61	10072	100
#jumping small right
62	10061	100
#jumping small left
63	10062	100
#jumping tail right
64	10081	100
#jumping tail left
65	10082	100


# falling BIG right
70	10003	100
#falling BIG left
71	10013	100
#falling small right
72	10023	100
#falling small left
73	10033	100
#falling tail right
74	10043	100
#falling tail left
75	10053	100

# kick big right
91	11001	200
# kick big left
92	11002	200
# kick small right
93	11003	200
# kick small left
94	11004	200
# kick tail right
95	11005	200
# kick tail left
96	11006	200

# idle big right
111	11031	100
# idle big left
112	11041	100
# idle tail right
113	11011	100
# idle tail left
114	11021	100
# hold big right
115	11031	100	11032	100	11033	100
# hold big left
116	11041	100	11042	100	11043	100
# hold tail right
117	11011	100	11012	100	11013	100
# hold tail left
118	11021	100	11022	100	11023	100

# swing right
119	11051	100	11052	100	11053	100	11054	100
# swing left
120	11054	100	11052	100	11053	100	11051	100
# idle fire right						
121	10091	100
# idle fire left						
122	10094	100
# walk right						
123	10091	100	10092	100	10093	100
# walk left						
124	10094	100	10095	100	10096	100
						
# fly right						
125	10101	100	10102	100
# fly left						
126	10104	100	10105	100
# falling right						
127	10103	100
# falling left						
128	10106	100

# fire jumping right
129	10097	100
# fire jumping left
130	10098	100

# wagging right
131	10107	100	10108	100
# wagging left
132	10109	100	10110	100

# Big crouch right
133	10111	100
# Big crouch left
134	10112	100
# Tail crouch right
135	10113	100
# Tail crouch left
136	10114	100

# Speed Up
# Right
137	11061	30	11062	30	11063	30
# Left
138	11064	30	11065	30	11066	30

# Drift
# small right
141	10121	100
# small left
142	10122	100
# big right
143	10123	100
# big left
144	10124	100
# tail right
145	10125	100
# tail left
146	10126	100

# BIG speed up
# right
153	11071	30	11072	30	11073	30
# left
154	11074	30	11075	30	11076	30
# SMALL speed up
# right
151	11081	30	11082	30	11083	30
# left
152	11084	30	11085	30	11086	30

# Small fly
# Right falling
161	10131	100
# Right fly
162	10132	100
# Left falling
163	10133	100
# Left fly
164	10134	100
# Big fly
# Right falling
165	10135	100
# Right fly
166	10136	100
# Left falling
167	10137	100
# Left fly
168	10138	100

# Mario prepare speed up
#walk right big
171	10001	60	10002	60	10003	60
#walk left big
172	10011	60	10012	60	10013	60
#walk right small
173	10021	60	10022	60	10023	60
#walk left small
174	10031	60	10032	60	10033	60
#walk right tail
175	10041	60	10042	60	10043	60
#walk left tail
176	10051	60	10052	60	10053	60

# ---------DIE
599	10099	100

# ==== BRICK =========
601	20002	100

603	20003	100

604	20001	100

# BRICK GOLD
605	20050	100	20051	100	20052	100	20053	100

# Brick Green
606	20006	100
607	20007	100
608	20008	100
609	20009	100

# WHITE BRICK
610	20010	100

# ==== QUESTION MARK BRICK =========
663	44005	100

602	40001	500	40001	100	40002	100	40003	100	40004	100	44005	100

# Brick blue
650	40005	100
# Platform green brick
651	21051	100
652	21052	100
653	21053	100
654	21054	100
655	21055	100
656	21056	100
# Fixed Brick
670	21010	100
671	21001	100
672	21002	100
673	21003	100
674	21004	100
675	21005	100
676	21006	100

# Moving Brick
666	21000	100
# ==== GOOMBA  =========
# walk
701	30001	100	30002	100
# die
702	30003	100

# Para Goomba
# walk
703	30005	100	30006	100	30007	100	30008	100
# normal
704	30009	100	30010	100
# die
705	30011	100

# =======KOOPAS GREEN==============
# Running right
801	50011	100	50012	100
#Running left
802	50001	100	50002	100

# wing Running right
803	50043	100	50044	100	50047	100	50048	100
# wing Running left
804	50041	100	50042	100	50045	100	50046	100

# running die down
805	50032	100	50036	100	50037	100
# running die up
806	50038	100	50039	100	50040	100

# wait down
807	50034	100	50031	100
# wait up
808	50035	100	50033	100

#die down
809	50031	100
# die up
810	50033	100

# =======KOOPAS RED==============
# Running right
821	51011	100	51012	100
#Running left
822	51001	100	51002	100

# wing Running right
823	50043	100	50044	100	50047	100	50048	100
# wing Running left
824	50041	100	50042	100	50045	100	50046	100

# running die down
825	51032	100	51036	100	51037	100
# running die up
826	51038	100	51039	100	51040	100

# wait down
827	51034	100	51031	100
# wait up
828	51035	100	51033	100

#die down
829	51031	100
# die up
830	51033	100

# ===============Venus Red
# idle top left
100	70001	100	70005	100
# idle top right
101	70003	100	70007	100
# idle bot left
102	70002	100	70006	100
# idle bot right
103	70004	100	70008	100
# open top left
104	70005	100
# open top right
105	70007	100
# open bot left
106	70006	100
# open bot right
107	70008	100
# ===============Veus Green
200	70011	100	70012	100
201	70013	100	70014	100
202	70015	100	70016	100
203	70017	100	70018	100
204	70012	100
205	70014	100
206	70016	100
207	70018	100
# ===============Venus no Fire
210	70021	100	70022	100
	
# ===============Coin
900	60001	100	60002	100	60003	100

# ===============star
911	80004	100	80005	100	80006	100	80008	100
9110	80004	100
9111	80005	100
9112	80006	100
# ===============fire
912	80000	100	80001	100	80002	100	80003	100
# ===============Leaf
913	80007	100
9131	80017	100
# ===============Mushroom
914	80008	100
# ===============Chữ P khi bay
915	91013	200	91014	200
# ===============1 Level-Up
916	80009	100
# ===============Button
917	80010	100
9171	80011	100

# End text
918	91021	100
919	91022	100
# item
920	91001	100
921	91002	100
922	91003	100

#---------------------------------------------------------------------------------------
# id	ani1	ani2	ani3
#
[ANIMATION_SETS]
# BACK GROUND
# color block	
# green	
211	611
212	612
213	613
214	614
215	615
216	616
217	617
218	618
219	619
# white	
221	621
222	622
223	623
224	624
225	625
226	626
#blue	
231	631
232	632
233	633
234	634
235	635
236	636
#237	637
238	638
239	639
# pink	
241	641
242	642
243	643
244	644
245	645
246	646
247	647
248	648
249	649

# Cây nhỏ
250	300
# Bụi cây thường
251	301
252	302
253	303
254	304
255	305
256	306
257	307
	
# Tam giác đen
260	310
# Bụi cây đen
261	311
262	312
263	313
264	314
265	315
266	316
267	317
# Khung trắng
271	321	
272	322
273	323
274	324
275	325
276	326
277	327
278	328
# Mây trắng
281	331
282	332
283	333
284	334
285	335
286	336

# MARIO
1 	400	401	402	403	500	501	502	503	504	505	599	60	61	62	63	64	65	404	405	70	71	72	73	74	75 	91	92	93	94	95	96	111	112	113	114	115	116	117	118	119	120	121	122	123	124	125	126	127	128	129	130	131	132	133	134	135	136	57	137	138	141	142	143	144	145	146	151	152	153	154	161	162	163	164	165	166	167	168	171	172	173	174	175	176
	
# BRICK
2	601
4	603
5	604
6  	605	663
#Brick green
7	606
8	607
9	608
10	609
# white
11 	610

# QUESTION MARK BRICK 
22	602	663
# Block Brick
663	663
# Brick blue
23	650
# Platform green brick
24	651
25	652
26	653
27	654
28	655
29	656
# Fixed Brick
50	670
51	671
52	672
53	673
54	674
55	675
56	676
# Moving Brick
60	666
# GOOMBA
3	701	702	703	704	705
# KOOPAS GREEN
31	801	802	803	804	805	806	807	808	809	810
# KOOPAS RED	
311	821	822	823	824	825	826	827	828	829	830
# GOLD 
32	900

# Venus Red
33	100	101	102	103	104	105	106	107
# Venus Green
331	200	202	201	203	204	206	205	207
# Veus no Fire
332	210	210	210	210	210	210	210	210

# Star
34	911	9110	9111	9112
# fire
35	912
# Leaf
36	913	9131
# Mushroom
37	914
# 1 Level-Up
38	916
# Button
39	917	9171
# End text
40	918
41	919
# Item
42	920
43	921
44	922
#-----------------------------------------------------------------------------------
[BACKGROUND]
# background
156	252	240
# Bụi cây nhỏ
1	64	336	250
1	80	336	250
1	96	336	250
1	112	336	250
1	128	336	250

1	2080	400	250
1	2096	400	250
# Bụi cây lớn
1	2112	400	251
1	2128	368	251
1	2128	384	253
1	2128	400	255
1	2144	368	252
1	2144	384	256
1	2144	400	257
1	2160	384	252
1	2160	400	254
[ITEMS]
# type	x	y	ani_set_id	extra_settings per object type
1	336	304	32
1	352	304	32
1	368	304	32
1	416	272	32
1	432	272	32
1	448	272	32

1	768	304	32
1	784	304	32
1	800	304	32
1	848	272	32
1	864	272	32
1	880	272	32

[OBJECTS]
# type	x	y	ani_set_id	extra_settings per object type
# type: 0 = Mario , 1 = Brick, 2 = BrickGold, 3 = BrickQuesion

# BRICK 
# PLATFORM (hint: I created the list using Excel!) ----
1	0	352	24
1	16	352	25
1	32	352	25
1	48	352	25
1	64	352	25
1	80	352	25
1	96	352	25
1	112	352	25
1	128	352	25
1	144	352	26

1	0	368	27
1	16	368	29
1	32	368	29
1	48	368	29
1	64	368	29
1	80	368	29
1	96	368	29
1	112	368	29
1	128	368	29
1	144	368	28

1	0	384	27
1	16	384	29	
1	32	384	29
1	48	384	29
1	64	384	29
1	80	384	29
1	96	384	29
1	112	384	29
1	128	384	29
1	144	384	28

1	0	400	27
1	16	400	29
1	32	400	29
1	48	400	29
1	64	400	29
1	80	400	29
1	96	400	29
1	112	400	29
1	128	400	29
1	144	400	28

1	0	416	27
1	16	416	29
1	32	416	29
1	48	416	29
1	64	416	29
1	80	416	29
1	96	416	29
1	112	416	29
1	128	416	29
1	144	416	28

1	1968	368	24
1	1984	368	25
1	2000	368	26

1	1968	384	27
1	1984	384	29
1	2000	384	28

# SINGLE BLOCK BRICK
1	2032	240	50
1	2032	256	50
1	2032	272	50
1	2032	288	50
1	2032	304	50
1	2032	320	50
1	2032	336	50
1	2032	352	50
1	2032	368	50
1	2032	384	50

1	1920	400	51
1	1936	400	52
1	1952	400	52
1	1968	400	52
1	1984	400	52
1	2000	400	52
1	2016	400	52
1	2032	400	53

1	1920	416	54
1	1936	416	55
1	1952	416	55
1	1968	416	55
1	1984	416	55
1	2000	416	55
1	2016	416	55
1	2032	416	56
# QUESION BRICK
# GOLD BRICK
3	224	352	6	5	
3	240	352	6	5
3	256	352	6	5
3	272	352	6	5

3	384	336	6	5	
3	400	336	6	5
3	416	336	6	5
3	432	336	6	5
3	448	336	6	5

3	608	288	6	5
3	624	288	6	5
3	640	288	6	1
3	656	288	6	5
3	640	368	6	5
3	656	368	6	5

3	752	320	6	5
3	752	336	6	5
3	752	352	6	5
3	752	368	6	5
3	768	368	6	5
3	784	368	6	5
3	800	368	6	5

3	864	336	6	5
3	864	352	6	5
3	864	368	6	5
3	864	384	6	5
3	880	384	6	5
3	896	384	6	5

3	944	336	6	5
3	944	352	6	5
3	960	352	6	3

3	1008	352	6	4
3	1024	352	6	5
3	1040	352	6	5
3	1056	352	6	5
3	1072	352	6	5

3	960	400	6	5
3	976	400	6	5
3	992	400	6	5
3	1008	400	6	5

3	1184	304	6	5
3	1200	304	6	5
3	1216	304	6	5
3	1232	304	6	1

3	1152	384	6	5
3	1168	384	6	5
3	1184	384	6	5
3	1200	384	6	5
3	1216	384	6	5

3	1264	368	6	5
3	1280	368	6	5

3	1392	304	6	5
3	1408	304	6	5
3	1424	304	6	5

3	1536	288	6	4
3	1536	304	6	5

3	1536	368	6	5
3	1536	384	6	5
3	1536	400	6	5
3	1552	400	6	5
3	1552	400	6	5
3	1552	400	6	5

3	1728	288	6	5
3	1728	304	6	5
3	1728	320	6	5

3	1776	368	6	5
3	1792	368	6	5
3	1808	368	6	5
# BRICK GREEN 
# group 1
4	1936	336	7
4	1952	336	8
4	1936	352	9
4	1952	352	10
4	1936	368	9
4	1952	368	10
4	1936	384	9
4	1952	384	10
# group 2
4	2192	384	7
4	2208	384	8
4	2192	400	9
4	2208	400	10
# MARIO
0	50.0	0	1

# PORTAL
#--------------------------------
[ENEMY]
# VENUS
# GOOMBA
# KOOPA
2	1072	320	311	3	1 
# PARA GOOMBA