# id	file_path	transparent_color_r	g	b
[TEXTURES]
0	textures\mario.png	255	255	255
20	textures\misc.png	176	224	248
10	textures\enemies.png	3	26	110
30	textures\map.png	255	255	255
40	textures\enemies-2.png	0	128	128
50	textures\enemies-3.png	255	255	255
60	textures\map1_1.png	255	255	255
70	textures\mario1.png	255	255	255
80	textures\tile_set.png	255	128	192
90	textures\hud.png	51	255	191

# id	left	top	right	bottom	texture_id


#---------------------------------------------------------------------
[SPRITES]
# Back Ground
1	0	0	2816	656	60
#===============BACK GROUND=================


# BIG MARIO 
# idle right
10001	246	154	260	181	0
# walk
10002	275	154	290	181	0		
10003	304	154	321	181	0
# idle left
10011	186	154	200	181	0
#walk
10012	155	154	170	181	0
10013	125	154	140	181	0
# die 
10099	215	120	231	135	0
# SMALL MARIO
# idle small right
10021	247	0	259	15	0
# walk
10022	275	0	291	15	0
10023	306	0	320	15	0
# idle small left
10031	187	0	198	15	0
# walk
10032	155	0	170	15	0
10033	125	0	139	15	0
# idle tail right
10041	242	634	264	661	0
#walk
10042	272	634	294	661	0
10043	303	634	324	661	0
# idle tail left
10051	182	634	204	661	0
#walk
10052	152	634	174	661	0
10053	122	634	144	661	0

# jumping small right
10061	395	79	409	95	0
# jumping small left
10062	35	79	50	95	0
# jumping big right
10071	395	275	411	300	0
#jumping big left
10072	35	275	51	300	0
# jumping tail right
10081	392	754	415	780	0
#jumping tail left
10082	31	754	54	780	0

#mario KICK 
# kick big right
11001	423	274	443	301	0
# kick big left
11002	2	274	22	301	0

# kick small right
11003	425	80	440	95	0	
# kick small left
11004	5	80	20	91	0

# kick tail right
11005	422	754	443	781	0
# kick tail left
11006	2	754	23	781	0

# tail hold right
# idle 
11011	242	794	264	822	0
# walk
11012	272	794	294	822	0
11013	303	794	324	822	0

# tail hold left
# idle 
11021	182	794	204	822	0	
# walk
11022	152	794	174	822	0	
11023	122	794	141	822	0

#idle big hold right
11031	336	234	350	261	0
# walk
11032	276	314	291	341	0
11033	305	315	321	341	0
# idle hold left
11041	96	234	110	261	0	
# walk
11042	155	314	170	341	0
11043	125	315	141	341	0

# tail swing 
# right
11051	236	443	259	471	70
# front
11052	204	633	231	662	0
# back
11053	136	443	170	471	70
# left
11054	204	674	231	702	0


# idle fire right
10091	216	683	230	710	70
# walk
10092	255	683	271	710	70		
10093	295	684	311	710	70
# idle fire left
10094	176	683	190	710	70
# walk	
10095	135	683	151	710	70
10096	95	684	111	710	70

# jumping fire right
10097	335	684	351	710	70
# jumping fire left
10098	55	684	71	710	70

# Fly right
10101	371	603	395	630	70
10102	331	603	355	630	70
# falling
10103	291	603	315	631	70

# Fly left
10104	11	603	35	630	70
10105	51	603	75	630	70
# falling
10106	91	603	115	631	70

# tail wagging right
10107	211	603	234	630	70
10108	252	603	274	631	70
# tail wagging left
10109	172	603	195	630	70
10110	132	603	154	631	70

# Big crouch right
10111	376	248	390	266	70
# Big crouch left
10112	16	248	30	266	70
# Tail crouch right
10113	372	448	394	466	70
# Tail crouch left
10114	12	448	34	466	70
	
#BRICK
20001	408	225	424	241	20
20002	16	416	32	432	30
20003	640	416	656	432	30

#BRICK GOLD
20005	354	153	370	169	20

#BRICK GREEN
20006	352	368	368	384	30
20007	368	368	384	384	30
20008	352	384	368	400	30
20009	368	384	384	400	30

#White Brick
20010	354	243	370	259	20

#Color Brick
# Green Block
20011	400	368	416	384	30
20012	416	368	432	384	30
20013	464	368	480	384	30
20014	400	384	416	400	30
20015	416	384	432	400	30
20016	464	384	480	400	30
20017	400	400	416	416	30
20018	416	400	432	416	30	
20019	464	400	480	416	30

# White Block
20021	512	304	528	320	30
20022	528	304	544	320	30
20023	560	304	576	320	30
20024	512	320	528	336	30
20025	528	320	544	336	30
20026	560	320	576	336	30


# Blue Block
20031	272	336	288	352	30
20032	288	336	304	352	30
20033	304	336	320	352	30
20034	272	352	288	368	30
20035	288	352	304	368	30
20036	304	352	320	368	30
#20037
20038	288	400	304	416	30
20039	304	400	320	416	30

# Pink Block
20041	240	368	256	384	30
20042	256	368	272	384	30
20043	272	368	288	384	30
20044	240	384	256	400	30
20045	256	384	272	400	30
20046	272	384	288	400	30
20047	240	400	256	416	30
20048	256	400	272	416	30
20049	272	400	288	416	30

#GOOMBA
30001	5	14	21	29	10
30002	25	14	41	29	10
#die
30003	45	21	61	29	10
# die fly
30004

# Para Goomba
# winging
30005	113	50	133	74	50
30006	163	50	183	74	50
# wing
30007	213	52	233	71	50
30008	263	52	283	71	50
# normal
30009	15	54	31	70	50
30010	65	54	81	70	50

#brick with question mark animation
40001	300	117	316	133	20
40002	318	117	334	133	20
40003	336	117	352	133	20
40004	355	117	370	133	20
44005	372	117	388	133	20

#brick blue
40005	1968	464	1984	480	30

#KOOPAS
#walk left
50001	205	191	221	217	40
50002	222	191	238	217	40
#walk right
50011	187	191	203	217	40
50012	170	191	186	217	40
#die
50031	50	103	66	119	50	
#die walking down
50032	15	104	31	120	50
50036	15	129	31	145	50
50037	15	154	31	170	50
# die fly
50033	330	104	346	120	50
# wait to normal down
50034	84	103	102	120	50
# wait to normal up
50035	294	103	312	120	50
# die walking up
50038	365	104	381	120	50
50039	365	129	381	145	50
50040	365	154	381	170	50

# KOOPAS WING
# winging left
50041	165	148	181	175	50	
50042	125	148	141	176	50
# winging right
50043	215	148	231	175	50
50044	255	148	271	176	50
# wing walking left
50045	85	149	101	175	50	
50046	45	148	61	175	50
# wing walking right
50047	295	149	311	175	50
50048	335	148	351	175	50	

#---GOLD---
60001	303	99	313	115	20
60002	321	99	331	115	20
60003	339	99	349	115	20

# Venus Red
70001	165	545	181	578	50
70002	115	545	131	578	50	
70003	215	545	231	578	50
70004	265	545	281	578	50
70005	65	545	81	578	50
70006	15	545	31	578	50	
70007	315	545	331	578	50
70008	365	545	381	578	50
# Venus Green
70011	164	399	181	424	50
70012	64	399	81	424	50
70013	115	399	131	424	50
70014	15	399	31	424	50
70015	214	399	231	424	50
70016	314	399	331	424	50
70017	264	399	281	424	50
70018	364	399	381	424	50
# Venus no fire
70021	15	349	31	374	50
70022	65	350	81	374	50

# fire 
80000	114	657	122	666	50	
80001	134	658	142	666	50
80002	154	657	162	666	50
80003	174	658	182	666	50
# Star
80004	300	189	316	205	20
80005	336	189	352	205	20
80006	354	189	370	205	20
# LEAF
80007	300	208	316	222	20
# Mushroom
80008	300	189	316	205	20
# 1-LevelUp
80009	318	189	334	205	20
# Button
80010	290	239	306	255	80

# ====== BỤI CÂY======
#width 15 height 16
77001	138	1	153	17	80
77002	154	1	169	17	80
#width 16 height 16
77003	137	18	153	34	80
77004	154	18	170	34	80
77005	137	35	153	51	80
77006	154	35	170	51	80
77007	137	52	153	68	80
# CÂY NHỎ
77008	222	205	238	221	80
#----Khung trắng
77011	2672	320	2688	336	60
77012	2688	320	2704	336	60
77013	2704	320	2720	336	60
77014	2672	336	2688	352	60
77015	2704	336	2720	352	60
77016	2672	352	2688	368	60
77017	2688	352	2704	368	60
77018	2704	352	2720	368	60
#----Mây trắng
77021	112	272	128	288	60
77022	128	272	144	288	60
77023	160	272	176	288	60
77024	112	288	128	304	60
77025	128	288	144	304	60
77026	160	288	176	304	60
#----Khúc tam giác đen
88001	103	52	119	68	80
#----cục đen bình thường
88002	120	52	136	68	80
# -----Bụi cây đen
880001	103	1	119	17	80
880002	120	1	136	17	80
880003	103	18	119	34	80
880004	120	18	136	34	80
880005	103	35	119	51	80
880006	120	35	136	51	80
880007	120	52	136	68	80	

# HUD
50000	5	120	316	158	90
# Number
90000	77	31	85	38	90
90001	87	31	95	38	90
90002	97	31	105	38	90
90003	107	31	115	38	90
90004	117	31	125	38	90
90005	127	31	135	38	90
90006	137	31	145	38	90
90007	147	31	155	38	90
90008	157	31	165	38	90
90009	167	31	175	38	90
# Item
# Mushroom
91001	188	165	204	181	90
# Flower
91002	212	165	228	181	90
# Star
91003	236	165	252	181	90
# Chữ M
91004	16	160	31	167	90
# Chữ L
91005	16	170	31	177	90
# Power
# Mũi tên
91011	64	162	72	169	90	
91012	92	162	99	169	90
# Chữ P
91013	71	162	88	169	90
91014	100	162	115	169	90

#-------------------------------------------------------------------------------------						
# ani_id	sprite1_id	time1	sprite2_id	time2	...
[ANIMATIONS]

#=====BACKGROUND====
# green block		
611	20011	100
612	20012	100
613	20013	100
614	20014	100
615	20015	100
616	20016	100
617	20017	100
618	20018	100
619	20019	100
		
#White block		
621	20021	100
622	20022	100
623	20023	100
624	20024	100
625	20025	100
626	20026	100
		
# Blue Block		
631	20031	100
632	20032	100
633	20033	100
634	20034	100
635	20035	100
636	20036	100
#637	20037	100
638	20038	100
639	20039	100
		
# Pink Block		
641	20041	100
642	20042	100
643	20043	100
644	20044	100
645	20045	100
646	20046	100
647	20047	100
648	20048	100
649	20049	100

# bụi cây lớn
301	77001	100
302	77002	100
303	77003	100
304	77004	100
305	77005	100
306	77006	100
307	77007	100
# cây nhỏ
300	77008	100

# Bụi cây đen
311	880001	100
312	880002	100
313	880003	100
314	880004	100
315	880005	100
316	880006	100
317	880007	100

# Tam giác đen
310	88001	100
# Khung trắng
321	77011	100
322	77012	100
323	77013	100
324	77014	100
325	77015	100
326	77016	100
327	77017	100
328	77018	100
# Mây trắng
331	77021	100
332	77022	100
333	77023	100
334	77024	100
335	77025	100
336	77026	100

# ==== MARIO =========
#idle BIG right
400	10001	100
#idle BIG left
401	10011	100
#idle small right
402	10021	100
#idle small left
403	10031	100
#idle tail right
404	10041	100
#idle tail left
405	10051	100

#walk right big
500	10001	100	10002	100	10003	100
#walk left big
501	10011	100	10012	100	10013	100
#walk right small
502	10021	100	10022	100	10023	100
#walk left small
503	10031	100	10032	100	10033	100
#walk right tail
504	10041	100	10042	100	10043	100
#walk left tail
505	10051	100	10052	100	10053	100

# jumping BIG right
60	10071	100
#jumping BIG left
61	10072	100
#jumping small right
62	10061	100
#jumping small left
63	10062	100
#jumping tail right
64	10081	100
#jumping tail left
65	10082	100


# falling BIG right
70	10003	100
#falling BIG left
71	10013	100
#falling small right
72	10023	100
#falling small left
73	10033	100
#falling tail right
74	10043	100
#falling tail left
75	10053	100

# kick big right
91	11001	200
# kick big left
92	11002	200
# kick small right
93	11003	200
# kick small left
94	11004	200
# kick tail right
95	11005	200
# kick tail left
96	11006	200

# idle big right
111	11031	100
# idle big left
112	11041	100
# idle tail right
113	11011	100
# idle tail left
114	11021	100
# hold big right
115	11031	100	11032	100	11033	100
# hold big left
116	11041	100	11042	100	11043	100
# hold tail right
117	11011	100	11012	100	11013	100
# hold tail left
118	11021	100	11022	100	11023	100

# swing right
119	11051	100	11052	100	11053	100	11054	100
# swing left
120	11054	100	11052	100	11053	100	11051	100
# idle fire right						
121	10091	100
# idle fire left						
122	10094	100
# walk right						
123	10091	100	10092	100	10093	100
# walk left						
124	10094	100	10095	100	10096	100
						
# fly right						
125	10101	100	10102	100
# fly left						
126	10104	100	10105	100
# falling right						
127	10103	100
# falling left						
128	10106	100

# fire jumping right
129	10097	100
# fire jumping left
130	10098	100

# wagging right
131	10107	100	10108	100
# wagging left
132	10109	100	10110	100

# Big crouch right
133	10111	100
# Big crouch left
134	10112	100
# Tail crouch right
135	10113	100
# Tail crouch left
136	10114	100

#die
599	10099	100


# ==== BRICK =========
601	20002	100

603	20003	100

604	20001	100

# BRICK GOLD
605	20005	100

# Brick Green
606	20006	100
607	20007	100
608	20008	100
609	20009	100

# WHITE BRICK
610	20010	100

# ==== QUESTION MARK BRICK =========
663	44005	100

602	40001	500	40001	100	40002	100	40003	100	40004	100	44005	100

# Brick blue
650	40005	100

# ==== GOOMBA  =========
# walk
701	30001	100	30002	100
# die
702	30003	100

# Para Goomba
# walk
703	30005	100	30006	100	30007	100	30008	100
# normal
704	30009	100	30010	100

#----KOOPAS-----
# Running right
801	50011	100	50012	100
#Running left
802	50001	100	50002	100

# wing Running right
803	50043	100	50044	100	50047	100	50048	100
# wing Running left
804	50041	100	50042	100	50045	100	50046	100
# running die down
805	50032	100	50036	100	50037	100
# running die up
806	50038	100	50039	100	50040	100
# wait down
807	50034	100
# wait up
808	50035	100
#die down
809	50031	100

# die up
810	50033	100

# Venus Red
# idle top left
100	70001	100	70005	100
# idle top right
101	70003	100	70007	100
# idle bot left
102	70002	100	70006	100
# idle bot right
103	70004	100	70008	100
# open top left
104	70005	100
# open top right
105	70007	100
# open bot left
106	70006	100
# open bot right
107	70008	100
# Veus Green
200	70011	100	70012	100
201	70013	100	70014	100
202	70015	100	70016	100
203	70017	100	70018	100
204	70012	100
205	70014	100
206	70016	100
207	70018	100
# Venus no Fire
210	70021	100	70022	100
	
#GOLD
900	60001	100	60002	100	60003	100

# star
911	80004	100	80005	100	80006	100	80008	100
9110	80004	100
9111	80005	100
9112	80006	100
# fire
912	80000	100	80001	100	80002	100	80003	100
# Leaf
913	80007	100
# Mushroom
914	80008	100
# Chữ P khi bay
915	91013	200	91014	200
# 1 Level-Up
916	80009	100
# Button
917	80010	100	80010	100

#---------------------------------------------------------------------------------------
# id	ani1	ani2	ani3
#
[ANIMATION_SETS]

# BACK GROUND
# color block	
# green	
211	611
212	612
213	613
214	614
215	615
216	616
217	617
218	618
219	619
# white	
221	621
222	622
223	623
224	624
225	625
226	626
#blue	
231	631
232	632
233	633
234	634
235	635
236	636
#237	637
238	638
239	639
# pink	
241	641
242	642
243	643
244	644
245	645
246	646
247	647
248	648
249	649

# Cây nhỏ
250	300
# Bụi cây thường
251	301
252	302
253	303
254	304
255	305
256	306
257	307
	
# Tam giác đen
260	310
# Bụi cây đen
261	311
262	312
263	313
264	314
265	315
266	316
267	317
# Khung trắng
271	321	
272	322
273	323
274	324
275	325
276	326
277	327
278	328
# Mây trắng
281	331
282	332
283	333
284	334
285	335
286	336

# MARIO
1 	400	401	402	403	500	501	502	503	504	505	599	60	61	62	63	64	65	404	405	70	71	72	73	74	75 	91	92	93	94	95	96	111	112	113	114	115	116	117	118	119	120	121	122	123	124	125	126	127	128	129	130	131	132	133	134	135	136
	
# BRICK
2	601
4	603
5	604
6  	605	663
#Brick green
7	606
8	607
9	608
10	609
# white
11 	610

# QUESTION MARK BRICK 
22	602	663
# Block Brick
663	663
# Brick blue
23	650

# GOOMBA
3	701	702	703	704
#KOOPAS
31	801	802	803	804	805	806	807	808	809	810	

#GOLD 
32	900

# Venus Red
33	100	101	102	103	104	105	106	107
# Venus Green
331	200	202	201	203	204	206	205	207
# Veus no Fire
332	210	210	210	210	210	210	210	210

# Star
34	911	9110	9111	9112
# fire
35	912
# Leaf
36	913
# Mushroom
37	914
# 1 Level-Up
38	916
# Button
39	917	917
#-----------------------------------------------------------------------------------
[BACKGROUND]
# background
156	252	240
# color block			
# green	
1	400	368	211
1	416	368	212
1	432	368	212
1	448	368	212
1	464	368	213
1	400	384	214
1	416	384	215
1	432	384	215
1	448	384	215
1	464	384	216
1	400	400	217
1	416	400	218
1	432	400	218
1	448	400	218
1	464	400	219
			
1	512	384	211
1	528	384	212
1	544	384	212
1	560	384	212
1	576	384	212
1	592	384	213
1	512	400	217
1	528	400	218
1	544	400	218
1	560	400	218
1	576	400	218
1	592	400	219
			
1	1264	384	211
1	1280	384	212
1	1296	384	212
1	1312	384	212
1	1328	384	212
1	1344	384	212
1	1360	384	213
1	1264	400	217
1	1280	400	218
1	1296	400	218
1	1312	400	218
1	1328	400	218
1	1344	400	218
1	1360	400	219
			
1	2176	272	211
1	2192	272	212
1	2208	272	213
1	2176	288	214
1	2192	288	215
1	2208	288	216
1	2176	304	214
1	2192	304	215
1	2208	304	216
1	2176	320	214
1	2192	320	215
1	2208	320	216
1	2176	336	214
1	2192	336	215
1	2208	336	216
1	2176	352	214
1	2192	352	215
1	2208	352	216
1	2192	368	215
1	2208	368	216
1	2192	384	215
1	2208	384	216
1	2192	400	215
1	2208	400	216
			
			
# white			
1	512	304	221
1	528	304	222
1	544	304	222
1	560	304	223
1	512	320	224
1	528	320	225
1	544	320	225
1	560	320	226
1	528	336	225
1	544	336	225
1	560	336	226
1	528	352	225
1	544	352	225
1	560	352	226
1	528	368	225
1	544	368	225
1	560	368	226
# blue			
1	272	336	231
1	288	336	232
1	304	336	233
1	272	352	234
1	288	352	235
1	304	352	236
1	288	368	235
1	304	368	236
1	288	384	235
1	304	384	236
1	288	400	238
1	304	400	239
			
1	1328	320	231
1	1344	320	232
1	1360	320	232
1	1376	320	232
1	1392	320	232
1	1408	320	232
1	1424	320	233
1	1328	336	234
1	1344	336	235
1	1360	336	235
1	1376	336	235
1	1392	336	235
1	1408	336	235
1	1424	336	236
1	1408	352	235
1	1424	352	236
1	1408	368	235
1	1424	368	236
1	1408	384	235
1	1424	384	236
1	1408	400	238
1	1424	400	239
			
# pink			
1	240	368	241
1	256	368	242
1	272	368	243
1	240	384	244
1	256	384	245
1	272	384	246
1	240	400	247
1	256	400	248
1	272	400	249
			
1	464	336	241
1	480	336	242
1	496	336	242
1	512	336	243
1	464	352	244
1	480	352	245
1	496	352	245
1	512	352	246
1	480	368	245
1	496	368	245
1	512	368	246
1	480	384	245
1	496	384	245
1	480	400	248
1	496	400	248
			
1	1296	352	241
1	1312	352	242
1	1328	352	242
1	1344	352	242
1	1360	352	242
1	1376	352	242
1	1392	352	243
1	1296	368	244
1	1312	368	245
1	1328	368	245
1	1344	368	245
1	1360	368	245
1	1376	368	245
1	1392	368	246
1	1376	384	245
1	1392	384	246
1	1376	400	248
1	1392	400	249

1	1312	144	241
1	1328	144	242
1	1344	144	242
1	1360	144	243
1	1312	160	247
1	1328	160	248
1	1344	160	248
1	1360	160	249
			
1	2144	368	241
1	2160	368	242
1	2176	368	243
1	2144	384	244
1	2160	384	245
1	2176	384	246
1	2144	400	247
1	2160	400	248
1	2176	400	249

# Bụi cây thường
1	16	368	251
1	16	384	253
1	16	400	253
1	32	352	251
1	32	368	255
1	32	384	256
1	32	400	257
1	48	352	252
1	48	368	254
1	48	384	255
1	48	400	257
1	64	368	251
1	64	384	257
1	64	400	257
1	80	368	252
1	80	384	254
1	80	400	256
1	96	368	251
1	96	384	253
1	96	400	255
1	112	368	252
1	112	384	256
1	112	400	257
1	128	384	252
1	128	400	254

1	816	384	251
1	832	352	251
1	832	368	253
1	832	384	255
1	848	352	252
1	848	368	256
1	848	384	257
1	864	352	251
1	864	368	255
1	864	384	257
1	880	336	251
1	880	352	255
1	880	368	256
1	880	384	257
1	896	336	252
1	896	352	254
1	896	368	255
1	896	384	257
1	912	352	251
1	912	368	257
1	912	384	257
1	928	352	252
1	928	368	254
1	928	384	254
1	944	384	251
1	960	352	251
1	960	368	253
1	960	384	255
1	976	352	252
1	976	368	256
1	976	384	257
1	992	368	252
1	992	384	254

1	2368	352	251
1	2368	368	253
1	2368	384	253
1	2368	400	253
1	2384	336	251
1	2384	352	255
1	2384	368	257
1	2384	384	257
1	2384	400	257
1	2400	288	251
1	2400	304	253
1	2400	320	253
1	2400	336	255
1	2400	352	257
1	2400	368	257
1	2400	384	257
1	2400	400	257
1	2416	288	252
1	2416	304	256
1	2416	320	257
1	2416	336	257
1	2416	352	257
1	2416	368	257
1	2416	384	257
1	2416	400	257
1	2432	304	252
1	2432	320	254
1	2432	336	254
1	2432	352	254
1	2432	368	254
1	2432	384	256
1	2432	400	257
1	2448	384	252
1	2448	400	254
	
# Cây nhỏ
1	160	400	250
1	176	400	250
1	192	400	250

1	672	384	250
1	688	384	250
1	704	384	250
1	720	384	250
1	736	384	250
1	752	384	250

1	1040	384	250
1	1056	384	250

1	1184	400	250
1	1200	400	250
1	1216	400	250

1	1728	400	250
1	1744	400	250
1	1760	400	250
# Bụi cây đen
# Tam giác đen
1	2480	0	260
1	2480	16	260
1	2480	32	260
1	2480	48	260
1	2480	64	260
1	2480	80	260
1	2480	96	260
1	2480	112	260
1	2480	128	260
1	2480	144	260
1	2480	160	260
1	2480	176	260
1	2480	192	260
1	2480	208	260
1	2480	224	260
1	2480	240	260
1	2480	256	260
1	2480	272	260
1	2480	288	260
1	2480	304	260
1	2480	320	260
1	2480	336	260
1	2480	352	260
1	2480	368	260
1	2480	384	260
1	2480	400	260
# Hình vuông đen
1	2496	0	267
1	2496	16	267
1	2496	32	267
1	2496	48	267
1	2496	64	267
1	2496	80	267
1	2496	96	267
1	2496	112	267
1	2496	128	267
1	2496	144	267
1	2496	160	267
1	2496	176	267
1	2496	192	267
1	2496	208	267
1	2496	224	267
1	2496	240	267
1	2496	256	267
1	2496	272	267
1	2496	288	267
1	2496	304	267
1	2496	320	267
1	2496	336	267
1	2496	352	267
1	2496	368	267
1	2496	384	267
1	2496	400	267

1	2512	0	267
1	2512	16	267
1	2512	32	267
1	2512	48	267
1	2512	64	267
1	2512	80	267
1	2512	96	267
1	2512	112	267
1	2512	128	267
1	2512	144	267
1	2512	160	267
1	2512	176	267
1	2512	192	267
1	2512	208	267
1	2512	224	267
1	2512	240	267
1	2512	256	267
1	2512	272	267
1	2512	288	267
1	2512	304	267
1	2512	320	267
1	2512	336	267
1	2512	352	267
1	2512	368	267
1	2512	384	267
1	2512	400	267

1	2528	0	267
1	2528	16	267
1	2528	32	267
1	2528	48	267
1	2528	64	267
1	2528	80	267
1	2528	96	267
1	2528	112	267
1	2528	128	267
1	2528	144	267
1	2528	160	267
1	2528	176	267
1	2528	192	267
1	2528	208	267
1	2528	224	267
1	2528	240	267
1	2528	256	267
1	2528	272	267
1	2528	288	267
1	2528	304	267
1	2528	320	267
1	2528	336	267
1	2528	352	267
1	2528	368	267
1	2528	384	267
1	2528	400	267

1	2544	0	267
1	2544	16	267
1	2544	32	267
1	2544	48	267
1	2544	64	267
1	2544	80	267
1	2544	96	267
1	2544	112	267
1	2544	128	267
1	2544	144	267
1	2544	160	267
1	2544	176	267
1	2544	192	267
1	2544	208	267
1	2544	224	267
1	2544	240	267
1	2544	256	267
1	2544	272	267
1	2544	288	267
1	2544	304	267
1	2544	320	267
1	2544	336	267
1	2544	352	267
1	2544	368	267
1	2544	384	267
1	2544	400	267

1	2560	0	267
1	2560	16	267
1	2560	32	267
1	2560	48	267
1	2560	64	267
1	2560	80	267
1	2560	96	267
1	2560	112	267
1	2560	128	267
1	2560	144	267
1	2560	160	267
1	2560	176	267
1	2560	192	267
1	2560	208	267
1	2560	224	267
1	2560	240	267
1	2560	256	267
1	2560	272	267
1	2560	288	267
1	2560	304	267
1	2560	320	267
1	2560	336	267
1	2560	352	267
1	2560	368	267
1	2560	384	267
1	2560	400	267

1	2576	0	267
1	2576	16	267
1	2576	32	267
1	2576	48	267
1	2576	64	267
1	2576	80	267
1	2576	96	267
1	2576	112	267
1	2576	128	267
1	2576	144	267
1	2576	160	267
1	2576	176	267
1	2576	192	267
1	2576	208	267
1	2576	224	267
1	2576	240	267
1	2576	256	267
1	2576	272	267
1	2576	288	267
1	2576	304	267
1	2576	320	267
1	2576	336	267
1	2576	352	267
1	2576	368	267
1	2576	384	267
1	2576	400	261

1	2592	0	267
1	2592	16	267
1	2592	32	267
1	2592	48	267
1	2592	64	267
1	2592	80	267
1	2592	96	267
1	2592	112	267
1	2592	128	267
1	2592	144	267
1	2592	160	267
1	2592	176	267
1	2592	192	267
1	2592	208	267
1	2592	224	267
1	2592	240	267
1	2592	256	267
1	2592	272	267
1	2592	288	267
1	2592	304	267
1	2592	320	261
1	2592	336	263
1	2592	352	263
1	2592	368	263
1	2592	384	263
1	2592	400	265

1	2608	0	267
1	2608	16	267
1	2608	32	267
1	2608	48	267
1	2608	64	267
1	2608	80	267
1	2608	96	267
1	2608	112	267
1	2608	128	267
1	2608	144	267
1	2608	160	267
1	2608	176	267
1	2608	192	267
1	2608	208	267
1	2608	224	267
1	2608	240	267
1	2608	256	267
1	2608	272	267
1	2608	288	267
1	2608	304	267
1	2608	320	262
1	2608	336	264
1	2608	352	266
1	2608	368	267
1	2608	384	267
1	2608	400	267

1	2624	0	267
1	2624	16	267
1	2624	32	267
1	2624	48	267
1	2624	64	267
1	2624	80	267
1	2624	96	267
1	2624	112	267
1	2624	128	267
1	2624	144	267
1	2624	160	267
1	2624	176	267
1	2624	192	267
1	2624	208	267
1	2624	224	267
1	2624	240	267
1	2624	256	267
1	2624	272	267
1	2624	288	267
1	2624	304	267
1	2624	320	267
1	2624	336	267
1	2624	352	262
1	2624	368	264
1	2624	384	266
1	2624	400	267

1	2640	0	267
1	2640	16	267
1	2640	32	267
1	2640	48	267
1	2640	64	267
1	2640	80	267
1	2640	96	267
1	2640	112	267
1	2640	128	267
1	2640	144	267
1	2640	160	267
1	2640	176	267
1	2640	192	267
1	2640	208	267
1	2640	224	267
1	2640	240	267
1	2640	256	267
1	2640	272	267
1	2640	288	267
1	2640	304	267
1	2640	320	267
1	2640	336	267
1	2640	352	267
1	2640	368	267
1	2640	384	262
1	2640	400	264

1	2656	0	267
1	2656	16	267
1	2656	32	267
1	2656	48	267
1	2656	64	267
1	2656	80	267
1	2656	96	267
1	2656	112	267
1	2656	128	267
1	2656	144	267
1	2656	160	267
1	2656	176	267
1	2656	192	267
1	2656	208	267
1	2656	224	267
1	2656	240	267
1	2656	256	267
1	2656	272	267
1	2656	288	267
1	2656	304	267
1	2656	320	267
1	2656	336	267
1	2656	352	267
1	2656	368	267
1	2656	384	267
1	2656	400	267

1	2672	0	267
1	2672	16	267
1	2672	32	267
1	2672	48	267
1	2672	64	267
1	2672	80	267
1	2672	96	267
1	2672	112	267
1	2672	128	267
1	2672	144	267
1	2672	160	267
1	2672	176	267
1	2672	192	267
1	2672	208	267
1	2672	224	267
1	2672	240	267
1	2672	256	267
1	2672	272	267
1	2672	288	267
1	2672	304	267
1	2672	320	271
1	2672	336	274
1	2672	352	276
1	2672	368	267
1	2672	384	267
1	2672	400	267

1	2688	0	267
1	2688	16	267
1	2688	32	267
1	2688	48	267
1	2688	64	267
1	2688	80	267
1	2688	96	267
1	2688	112	267
1	2688	128	267
1	2688	144	267
1	2688	160	267
1	2688	176	267
1	2688	192	267
1	2688	208	267
1	2688	224	267
1	2688	240	267
1	2688	256	267
1	2688	272	267
1	2688	288	267
1	2688	304	267
1	2688	320	272
1	2688	336	267
1	2688	352	277
1	2688	368	267
1	2688	384	267
1	2688	400	267

1	2704	0	267
1	2704	16	267
1	2704	32	267
1	2704	48	267
1	2704	64	267
1	2704	80	267
1	2704	96	267
1	2704	112	267
1	2704	128	267
1	2704	144	267
1	2704	160	267
1	2704	176	267
1	2704	192	267
1	2704	208	267
1	2704	224	267
1	2704	240	267
1	2704	256	267
1	2704	272	267
1	2704	288	267
1	2704	304	267
1	2704	320	273
1	2704	336	275
1	2704	352	278
1	2704	368	267
1	2704	384	267
1	2704	400	267

1	2720	0	267
1	2720	16	267
1	2720	32	267
1	2720	48	267
1	2720	64	267
1	2720	80	267
1	2720	96	267
1	2720	112	267
1	2720	128	267
1	2720	144	267
1	2720	160	267
1	2720	176	267
1	2720	192	267
1	2720	208	267
1	2720	224	267
1	2720	240	267
1	2720	256	267
1	2720	272	267
1	2720	288	267
1	2720	304	267
1	2720	320	267
1	2720	336	267
1	2720	352	267
1	2720	368	267
1	2720	384	267
1	2720	400	267

1	2736	0	267
1	2736	16	267
1	2736	32	267
1	2736	48	267
1	2736	64	267
1	2736	80	267
1	2736	96	267
1	2736	112	267
1	2736	128	267
1	2736	144	267
1	2736	160	267
1	2736	176	267
1	2736	192	267
1	2736	208	267
1	2736	224	267
1	2736	240	267
1	2736	256	267
1	2736	272	267
1	2736	288	267
1	2736	304	267
1	2736	320	267
1	2736	336	267
1	2736	352	267
1	2736	368	267
1	2736	384	267
1	2736	400	267

1	2752	0	267
1	2752	16	267
1	2752	32	267
1	2752	48	267
1	2752	64	267
1	2752	80	267
1	2752	96	267
1	2752	112	267
1	2752	128	267
1	2752	144	267
1	2752	160	267
1	2752	176	267
1	2752	192	267
1	2752	208	267
1	2752	224	267
1	2752	240	267
1	2752	256	267
1	2752	272	267
1	2752	288	267
1	2752	304	267
1	2752	320	267
1	2752	336	267
1	2752	352	267
1	2752	368	267
1	2752	384	267
1	2752	400	261

1	2768	0	267
1	2768	16	267
1	2768	32	267
1	2768	48	267
1	2768	64	267
1	2768	80	267
1	2768	96	267
1	2768	112	267
1	2768	128	267
1	2768	144	267
1	2768	160	267
1	2768	176	267
1	2768	192	267
1	2768	208	267
1	2768	224	267
1	2768	240	267
1	2768	256	267
1	2768	272	267
1	2768	288	267
1	2768	304	267
1	2768	320	267
1	2768	336	267
1	2768	352	267
1	2768	368	261
1	2768	384	263
1	2768	400	265

1	2784	0	267
1	2784	16	267
1	2784	32	267
1	2784	48	267
1	2784	64	267
1	2784	80	267
1	2784	96	267
1	2784	112	267
1	2784	128	267
1	2784	144	267
1	2784	160	267
1	2784	176	267
1	2784	192	267
1	2784	208	267
1	2784	224	267
1	2784	240	267
1	2784	256	267
1	2784	272	267
1	2784	288	267
1	2784	304	267
1	2784	320	267
1	2784	336	267
1	2784	352	267
1	2784	368	262
1	2784	384	264
1	2784	400	264

1	2800	0	267
1	2800	16	267
1	2800	32	267
1	2800	48	267
1	2800	64	267
1	2800	80	267
1	2800	96	267
1	2800	112	267
1	2800	128	267
1	2800	144	267
1	2800	160	267
1	2800	176	267
1	2800	192	267
1	2800	208	267
1	2800	224	267
1	2800	240	267
1	2800	256	267
1	2800	272	267
1	2800	288	267
1	2800	304	267
1	2800	320	267
1	2800	336	267
1	2800	352	267
1	2800	368	267
1	2800	384	267
1	2800	400	267

# Mây trắng
1	112	272	281
1	128	272	282
1	144	272	282
1	160	272	283
1	112	288	284
1	128	288	285
1	144	288	285
1	160	288	286

1	320	256	281
1	336	256	282
1	352	256	283
1	320	272	284
1	336	272	285
1	352	272	286

1	640	272	281
1	656	272	282
1	672	272	283
1	640	288	284
1	656	288	285
1	672	288	286

1	720	304	281
1	736	304	282
1	752	304	282
1	768	304	282
1	784	304	283
1	720	320	284
1	736	320	285
1	752	320	285
1	768	320	285
1	784	320	286

1	1168	272	281
1	1184	272	282
1	1200	272	283
1	1168	288	284
1	1184	288	285
1	1200	288	286

1	1648	272	281
1	1664	272	282
1	1680	272	282
1	1696	272	282
1	1712	272	283
1	1648	288	284
1	1664	288	285
1	1680	288	285
1	1696	288	285
1	1712	288	286

1	2320	288	281
1	2336	288	282
1	2352	288	283
1	2320	304	284
1	2336	304	285
1	2352	304	286

[ITEMS]
# type	x	y	ani_set_id	extra_settings per object type
1	1072	320	32
1	1104	288	32
1	1136	256	32
1	1168	224	32
1	1200	192	32
1	1328	80	32
1	1344	80	32
1	1360	80	32

1	1472	112	32
1	1488	112	32	

1	1536	128	32
1	1552	128	32
1	1568	128	32
1	1584	128	32

1	1616	112	32
1	1632	112	32
1	1648	112	32
1	1664	112	32

1	1696	144	32
1	1728	112	32
1	1760	128	32
1	1808	96	32
1	1840	128	32

4	2688	336	34	

[OBJECTS]
# type	x	y	ani_set_id	extra_settings per object type
# type: 0 = Mario , 1 = Brick, 2 = BrickGold, 3 = BrickQuesion

# BRICK 
# --- platform (hint: I created the list using Excel!) ----
1	0	416	2
1	16	416	2
1	32	416	2
1	48	416	2
1	64	416	2
1	80	416	2
1	96	416	2
1	112	416	2
1	128	416	2
1	144	416	2
1	160	416	2
1	176	416	2
1	192	416	2
1	208	416	2
1	224	416	2
1	240	416	2
1	256	416	2
1	272	416	2
1	288	416	2
1	304	416	2
1	320	416	2
1	336	416	2
1	352	416	2
1	368	416	2
1	384	416	2
1	400	416	2
1	416	416	2
1	432	416	2
1	448	416	2
1	464	416	2
1	480	416	2
1	496	416	2
1	512	416	2
1	528	416	2
1	544	416	2
1	560	416	2
1	576	416	2
1	592	416	2
1	608	416	2
1	1152	416	2
1	1168	416	2
1	1184	416	2
1	1200	416	2
1	1216	416	2
1	1232	416	2
1	1248	416	2
1	1264	416	2
1	1280	416	2
1	1296	416	2
1	1312	416	2
1	1328	416	2
1	1344	416	2
1	1360	416	2
1	1376	416	2
1	1392	416	2
1	1408	416	2
1	1424	416	2
1	1440	416	2
1	1456	416	2
1	1472	416	2
1	1488	416	2
1	1536	416	2
1	1552	416	2
1	1568	416	2
1	1584	416	2
1	1600	416	2

1	1664	416	2
1	1680	416	2
1	1696	416	2
1	1712	416	2
1	1728	416	2
1	1744	416	2
1	1760	416	2
1	1776	416	2
1	1792	416	2
1	1808	416	2
1	1824	416	2
1	1840	416	2
1	1856	416	2
1	1872	416	2
1	1888	416	2
1	1904	416	2
1	1920	416	2
1	1936	416	2
1	1952	416	2
1	1968	416	2
1	1984	416	2
1	2000	416	2
1	2016	416	2
1	2032	416	2
1	2048	416	2
1	2064	416	2
1	2080	416	2
1	2096	416	2
1	2112	416	2
1	2128	416	2
1	2144	416	2
1	2160	416	2
1	2176	416	2
1	2192	416	2
1	2208	416	2
1	2224	416	2

1	2272	416	2
1	2288	416	2
1	2304	416	2
1	2320	416	2
1	2336	416	2
1	2352	416	2
1	2368	416	2
1	2384	416	2
1	2400	416	2
1	2416	416	2
1	2432	416	2
1	2448	416	2
1	2464	416	2
1	2480	416	2
1	2496	416	2
1	2512	416	2
1	2528	416	2
1	2544	416	2
1	2560	416	2
1	2576	416	2
1	2592	416	2
1	2608	416	2
1	2624	416	2
1	2640	416	2
1	2656	416	2
1	2672	416	2
1	2688	416	2
1	2704	416	2
1	2720	416	2
1	2736	416	2
1	2752	416	2
1	2768	416	2
1	2784	416	2
1	2800	416	2

# ---- brick up layer ----
1	624	400	2
1	640	400	2
1	656	400	2
1	672	400	2
1	688	400	2
1	704	400	2
1	720	400	2
1	736	400	2
1	752	400	2
1	768	400	2
1	784	400	2
1	800	400	2
1	816	400	2
1	832	400	2
1	848	400	2
1	864	400	2
1	880	400	2
1	896	400	2
1	912	400	2
1	928	400	2
1	944	400	2
1	960	400	2
1	976	400	2
1	992	400	2
1	1008	400	2
1	1024	400	2
1	1040	400	2
1	1056	400	2
1	1072	400	2

#----- brick down layer---
1	624	416	4
1	640	416	4
1	656	416	4
1	672	416	4
1	688	416	4
1	704	416	4
1	720	416	4
1	736	416	4
1	752	416	4
1	768	416	4
1	784	416	4
1	800	416	4
1	816	416	4
1	832	416	4
1	848	416	4
1	864	416	4
1	880	416	4
1	896	416	4
1	912	416	4
1	928	416	4
1	944	416	4
1	960	416	4
1	976	416	4
1	992	416	4
1	1008	416	4
1	1024	416	4
1	1040	416	4
1	1056	416	4
1	1072	416	4

#---- fixed brick-----
1	1504	336	5
1	1520	336	5
1	1568	400	5
1	1584	384	5
1	1584	400	5
1	1600	368	5
1	1600	384	5
1	1600	400	5
1	1664	368	5
1	1664	384	5
1	1664	400	5
1	1680	384	5
1	1680	400	5
1	1696	400	5
1	2272	368	5
1	2288	368	5
1	2272	304	5
1	2288	304	5

# --- quesion brick-----
2	176	352	22	1
2	192	352	22	1
2	224	304	22	1
2	240	304	22	0
2	416	320	22	1
2	656	384	22	1
2	704	352	22	0
2	1472	368	22	0

#----- gold brick------
3	1440	128	6	1
3	1952	400	6	0
3	1968	384	6	0
3	1968	400	6	0
3	1984	368	6	0
3	1984	384	6	0
3	1984	400	6	0
3	2000	368	6	0
3	2000	384	6	0
3	2000	400	6	0
3	2016	368	6	0
3	2016	384	6	0
3	2016	400	6	0
3	2032	368	6	2
3	2032	384	6	0
3	2032	400	6	0
3	2048	400	6	0
3	2096	384	6	0
3	2096	400	6	0
3	2112	400	6	0

# white brick			
1	1408	192	11
1	1424	192	11
1	1440	192	11
1	1456	192	11
1	1488	176	11
1	1504	176	11
1	1520	176	11
1	1536	176	11
1	1552	176	11
1	1568	176	11
1	1584	176	11
1	1600	176	11
1	1616	176	11
1	1632	176	11
1	1648	176	11
1	1664	176	11
1	1680	176	11

# BRICK GREEN 
# group 1
1	352	368	7
1	368	368	8
1	352	384	9
1	368	384	10
1	352	400	9
1	368	400	10

# group 2
1	1792	384	7
1	1808	384	8
1	1792	400	9
1	1808	400	10

# group 3
1	1856	368	7
1	1872	368	8
1	1856	384	9
1	1872	384	10
1	1856	400	9
1	1872	400	10

# group 4
1	2272	112	7
1	2288	112	8
1	2272	128	9
1	2272	144	9
1	2272	160	9
1	2272	176	9
1	2272	192	9
1	2272	208	9
1	2272	224	9
1	2272	240	9
1	2272	256	9
1	2272	272	9
1	2272	288	9
1	2288	128	10
1	2288	144	10
1	2288	160	10
1	2288	176	10
1	2288	192	10
1	2288	208	10
1	2288	224	10
1	2288	240	10
1	2288	256	10
1	2288	272	10
1	2288	288	10

# group 5
1	2272	384	9
1	2272	400	9
1	2288	384	10
1	2288	400	10

# group 6
1	2320	384	7
1	2336	384	8
1	2320	400	9
1	2336	400	10



# MARIO
0	50.0	0	1

5	240	368	2	288	369
5	272	336	2	320	337	
5	400	368	2	480	369
5	464	336	2	528	337
5	512	304	2	576	305
5	512	384	2	608	385
5	1264	384	2	1376	385
5	1296	352	2	1408	353
5	1328	320	2	1440	321
5	1312	144	2	1385	145
5	2144	368	2	2192	369
5	2176	272	2	2224	273

#1	2112	400	2

# PORTAL
50	2272	106	1	2304	113	2
#--------------------------------
[ENEMY]
# Venus
3	358	336	33	370	336	1
3	1864	344	331	370	344	1
3	1800	360	332	386	360	0

# GOOMBA
#1	200	400	3
#1	320	400	3
#1	540	400	3

# Koopas
#2	1488	350	31	4
#2	1388	350	31	2
#2	2096	350	31	1

2	260	350	31	3
# Para Goomba
5	1088	350	3