# id	file_path	transparent_color_r	g	b
[TEXTURES]
0	textures\mario.png	255	255	255
20	textures\misc.png	176	224	248
10	textures\enemies.png	3	26	110
30	textures\map.png	255	255	255
40	textures\enemies-2.png	0	128	128
50	textures\enemies-3.png	255	255	255
60	textures\map1_1.png	255	255	255
70	textures\mario1.png	255	255	255

# id	left	top	right	bottom	texture_id


#---------------------------------------------------------------------
[SPRITES]
# Back Ground
1	0	0	2816	656	60
# BIG MARIO 
# idle right
10001	246	154	260	181	0
# walk
10002	275	154	290	181	0		
10003	304	154	321	181	0
# idle left
10011	186	154	200	181	0
#walk
10012	155	154	170	181	0
10013	125	154	140	181	0
# die 
10099	215	120	231	135	0
# SMALL MARIO
# idle small right
10021	247	0	259	15	0
# walk
10022	275	0	291	15	0
10023	306	0	320	15	0
# idle small left
10031	187	0	198	15	0
# walk
10032	155	0	170	15	0
10033	125	0	139	15	0
# idle tail right
10041	242	634	264	661	0
#walk
10042	272	634	294	661	0
10043	303	634	324	661	0
# idle tail left
10051	182	634	204	661	0
#walk
10052	152	634	174	661	0
10053	122	634	144	661	0

# jumping small right
10061	395	79	409	95	0
# jumping small left
10062	35	79	50	95	0
# jumping big right
10071	395	275	411	300	0
#jumping big left
10072	35	275	51	300	0
# jumping tail right
10081	392	754	415	780	0
#jumping tail left
10082	31	754	54	780	0

#mario KICK 
# kick big right
11001	423	274	443	301	0
# kick big left
11002	2	274	22	301	0

# kick small right
11003	425	80	440	95	0	
# kick small left
11004	5	80	20	91	0

# kick tail right
11005	422	754	443	781	0
# kick tail left
11006	2	754	23	781	0

# tail hold right
# idle 
11011	242	794	264	822	0
# walk
11012	272	794	294	822	0
11013	303	794	324	822	0

# tail hold left
# idle 
11021	182	794	204	822	0	
# walk
11022	152	794	174	822	0	
11023	122	794	141	822	0

#idle big hold right
11031	336	234	350	261	0
# walk
11032	276	314	291	341	0
11033	305	315	321	341	0
# idle hold left
11041	96	234	110	261	0	
# walk
11042	155	314	170	341	0
11043	125	315	141	341	0

# tail swing right
11051	236	443	259	470	70
11052	390	483	406	511	70
11053	355	483	371	511	70		
# tail swing left
11054	147	443	170	470	70
11055	390	483	406	511	70
11056	355	483	371	511	70

# idle fire right
10091	216	683	230	710	70
# walk
10092	255	683	271	710	70		
10093	295	684	311	710	70
# idle fire left
10094	176	683	190	710	70
# walk	
10095	135	683	151	710	70
10096	95	684	111	710	70

# Fly right
10101	371	603	395	630	70
10102	331	603	355	630	70
# falling
10103	291	603	315	631	70

# Fly left
10104	11	603	35	630	70
10105	51	603	75	630	70
# falling
10106	91	603	115	631	70
	
#BRICK
20001	408	225	424	241	20
20002	16	416	32	432	30
20003	640	416	656	432	30

#BRICK GOLD
20005	354	153	370	169	20

#BRICK GREEN
20006	352	368	368	384	30
20007	368	368	384	384	30
20008	352	384	368	400	30
20009	368	384	384	400	30

#White Brick
20010	354	243	370	259	20

#Color Brick
# Green Block
20011	400	368	416	384	30
20012	416	368	432	384	30
20013	464	368	480	384	30
20014	400	384	416	400	30
20015	416	384	432	400	30
20016	464	384	480	400	30
20017	400	400	416	416	30
20018	416	400	432	416	30	
20019	464	400	480	416	30

# White Block
20021	512	304	528	320	30
20022	528	304	544	320	30
20023	560	304	576	320	30
20024	512	320	528	336	30
20025	528	320	544	336	30
20026	560	320	576	336	30


# Blue Block
20031	272	336	288	352	30
20032	288	336	304	352	30
20033	304	336	320	352	30
20034	272	352	288	368	30
20035	288	352	304	368	30
20036	304	352	320	368	30
#20037
20038	288	400	304	416	30
20039	304	400	320	416	30

# Pink Block
20041	240	368	256	384	30
20042	256	368	272	384	30
20043	272	368	288	384	30
20044	240	384	256	400	30
20045	256	384	272	400	30
20046	272	384	288	400	30
20047	240	400	256	416	30
20048	256	400	272	416	30
20049	272	400	288	416	30

#GOOMBA
30001	5	14	21	29	10
30002	25	14	41	29	10
#die
30003	45	21	61	29	10

#brick with question mark animation
40001	300	117	316	133	20
40002	318	117	334	133	20
40003	336	117	352	133	20
40004	355	117	370	133	20
44005	372	117	388	133	20

#brick blue
40005	1968	464	1984	480	30

#KOOPAS
#walk left
50001	205	191	221	217	40
50002	222	191	238	217	40
#walk right
50011	187	191	203	217	40
50012	170	191	186	217	40
#die
50031	50	103	66	119	50	
#die walking
50032	15	103	31	119	50	

# KOOPAS TAIL
# tail walking left
50041	165	148	181	175	50	
50042	125	148	141	176	50
# tail walking right
50043	215	148	231	175	50
50044	255	148	271	176	50

#---GOLD---
60001	303	99	313	114	20
60002	321	99	331	114	20
60003	339	99	349	114	20

# Venus
70001	165	544	181	576	50
70002	115	544	131	576	50	
70003	215	544	231	576	50
70004	265	544	281	576	50
70005	65	544	81	576	50
70006	15	544	31	576	50	
70007	315	544	331	576	50
70008	365	544	381	576	50

# fire 
80000	114	657	122	666	50	
80001	134	658	142	666	50
80002	154	657	162	666	50
80003	174	658	182	666	50
# Star
80004	354	189	370	205	20
80005	372	189	388	205	20
80006	390	189	406	205	20
# LEAF
80007	302	208	318	224	20

80008	300	189	316	205	20

#-------------------------------------------------------------------------------------						
# ani_id	sprite1_id	time1	sprite2_id	time2	...
[ANIMATIONS]

# ==== MARIO =========
#idle BIG right
400	10001	100
#idle BIG left
401	10011	100
#idle small right
402	10021	100
#idle small left
403	10031	100
#idle tail right
404	10041	100
#idle tail left
405	10051	100

#walk right big
500	10001	100	10002	100	10003	100
#walk left big
501	10011	100	10012	100	10013	100
#walk right small
502	10021	100	10022	100	10023	100
#walk left small
503	10031	100	10032	100	10033	100
#walk right tail
504	10041	100	10042	100	10043	100
#walk left tail
505	10051	100	10052	100	10053	100

# jumping BIG right
60	10071	100
#jumping BIG left
61	10072	100
#jumping small right
62	10061	100
#jumping small left
63	10062	100
#jumping tail right
64	10081	100
#jumping tail left
65	10082	100


# falling BIG right
70	10003	100
#falling BIG left
71	10013	100
#falling small right
72	10023	100
#falling small left
73	10033	100
#falling tail right
74	10043	100
#falling tail left
75	10053	100

#running right big
80	10001	75	10002	75	10003	75
#running left big
81	10011	75	10012	75	10013	75
#running right small
82	10021	75	10022	75	10023	75
#running left small
83	10031	75	10032	75	10033	75
#running right tail
84	10041	75	10042	75	10043	75
#running left tail
85	10051	75	10052	75	10053	75

# kick big right
91	11001	200
# kick big left
92	11002	100
# kick small right
93	11003	100
# kick small left
94	11004	100
# kick tail right
95	11005	100
# kick tail left
96	11006	100

# idle big right
111	11031	100
# idle big left
112	11041	100
# idle tail right
113	11011	100
# idle tail left
114	11021	100
# hold big right
115	11031	100	11032	100	11033	100
# hold big left
116	11041	100	11042	100	11043	100
# hold tail right
117	11011	100	11012	100	11013	100
# hold tail left
118	11021	100	11022	100	11023	100

# swing right
119	11051	1000	11052	1000	11054	1000	11053	1000
# swing left
120	11054	1000	11055	1000	11051	1000	11056	1000

# idle fire right						
121	10091	100
# idle fire left						
122	10094	100				
# walk right						
123	10091	100	10092	100	10093	100
# walk left						
124	10094	100	10095	100	10096	100
						
# fly right						
125	10101	100	10102	100		
# fly left						
126	10104	100	10105	100		
# falling right						
127	10103	100				
# falling left						
128	10106	100	

#die
599	10099	100


# ==== BRICK =========
601	20002	100

603	20003	100

604	20001	100

# BRICK GOLD
605	20005	100

# Brick Green
606	20006	100
607	20007	100
608	20008	100
609	20009	100

# WHITE BRICK
610	20010	100

# ==== QUESTION MARK BRICK =========
663	44005	100

602	40001	500	40001	100	40002	100	40003	100	40004	100	44005	100
	

# green block		
611	20011	100
612	20012	100
613	20013	100
614	20014	100
615	20015	100
616	20016	100
617	20017	100
618	20018	100
619	20019	100
#White block		
621	20021	100
622	20022	100
623	20023	100
624	20024	100
625	20025	100
626	20026	100
# Blue Block		
631	20031	100
632	20032	100
633	20033	100
634	20034	100
635	20035	100
636	20036	100
#637	20037	100
638	20038	100
639	20039	100
# Pink Block		
641	20041	100
642	20042	100
643	20043	100
644	20044	100
645	20045	100
646	20046	100
647	20047	100
648	20048	100
649	20049	100

# Brick blue
650	40005	100

# ==== GOOMBA  =========
# walk
701	30001	100	30002	100
# die
702	30003	100

#----KOOPAS-----
# Running right
801	50011	100	50012	100
#Running left
802	50001	100	50002	100

# Tail Running right
803	50043	100	50044	100
# Tail Running left
804	50041	100	50042	100

#die
899	50031	100
# running die
890	50031	100	50032	100

# Venus
# idle top left
100	70001	100
# idle top right
101	70003	100
# idle bot left
102	70002	100
# idle bot right
103	70004	100
# open top left
104	70005	200
# open top right
105	70007	200
# open bot left
106	70006	200
# open bot right
107	70008	200
	
#GOLD
900	60001	100	60002	100	60003	100

# star
911	80004	100	80005	100	80006	100
# fire
912	80000	100	80001	100	80002	100	80003	100
913	80007	100
914	80008	100

#---------------------------------------------------------------------------------------
# id	ani1	ani2	ani3
#
[ANIMATION_SETS]
# MARIO
1 	400	401	402	403	500	501	502	503	504	505	599	60	61	62	63	64	65	404	405	70	71	72	73	74	75 	80	81	82	83	84	85	91	92	93	94	95	96	111	112	113	114	115	116	117	118	119	120	121	122	123	124	125	126	127	128	
	
# BRICK
2	601
4	603
5	604
6  	605	663
#Brick green
7	606
8	607
9	608
10	609
# white
11 	610

# QUESTION MARK BRICK 
22	602	663

663	663
# Brick blue
23	650

# GOOMBA
3	701	702
#KOOPAS
31	801	802	899	890	803	804

#GOLD 
32	900

# Venus
33	100	102	101	103	104	106	105	107

# Star
34	911
# fire
35	912

36	913
37	914

# color block	
# green	
211	611
212	612
213	613
214	614
215	615
216	616
217	617
218	618
219	619
# white	
221	621
222	622
223	623
224	624
225	625
226	626
#blue	
231	631
232	632
233	633
234	634
235	635
236	636
#237	637
238	638
239	639
# pink	
241	641
242	642
243	643
244	644
245	645
246	646
247	647
248	648
249	649

#-----------------------------------------------------------------------------------
[ITEMS]
1	1072	320	32
1	1104	288	32
1	1136	256	32
1	1168	224	32
1	1200	192	32
1	1328	80	32
1	1344	80	32
1	1360	80	32

1	1472	112	32
1	1488	112	32	

1	1536	128	32
1	1552	128	32
1	1568	128	32
1	1584	128	32

1	1616	112	32
1	1632	112	32
1	1648	112	32
1	1664	112	32

1	1696	144	32
1	1728	112	32
1	1760	128	32
1	1808	96	32
1	1840	128	32

1	2192	480	32
1	2208	480	32
1	2176	496	32
1	2224	496	32
1	2224	512	32
1	2192	528	32
1	2208	528	32
1	2224	544	32
1	2176	560	32
1	2224	560	32
1	2192	576	32
1	2208	576	32

4	2688	336	34	

[OBJECTS]
# type	x	y	ani_set_id	extra_settings per object type
# type: 0 = Mario , 1 = Brick, 2 = BrickGold, 3 = BrickQuesion

# BRICK 
# --- platform (hint: I created the list using Excel!) ----
1	0	416	2
1	16	416	2
1	32	416	2
1	48	416	2
1	64	416	2
1	80	416	2
1	96	416	2
1	112	416	2
1	128	416	2
1	144	416	2
1	160	416	2
1	176	416	2
1	192	416	2
1	208	416	2
1	224	416	2
1	240	416	2
1	256	416	2
1	272	416	2
1	288	416	2
1	304	416	2
1	320	416	2
1	336	416	2
1	352	416	2
1	368	416	2
1	384	416	2
1	400	416	2
1	416	416	2
1	432	416	2
1	448	416	2
1	464	416	2
1	480	416	2
1	496	416	2
1	512	416	2
1	528	416	2
1	544	416	2
1	560	416	2
1	576	416	2
1	592	416	2
1	608	416	2
1	1152	416	2
1	1168	416	2
1	1184	416	2
1	1200	416	2
1	1216	416	2
1	1232	416	2
1	1248	416	2
1	1264	416	2
1	1280	416	2
1	1296	416	2
1	1312	416	2
1	1328	416	2
1	1344	416	2
1	1360	416	2
1	1376	416	2
1	1392	416	2
1	1408	416	2
1	1424	416	2
1	1440	416	2
1	1456	416	2
1	1472	416	2
1	1488	416	2
1	1536	416	2
1	1552	416	2
1	1568	416	2
1	1584	416	2
1	1600	416	2

1	1664	416	2
1	1680	416	2
1	1696	416	2
1	1712	416	2
1	1728	416	2
1	1744	416	2
1	1760	416	2
1	1776	416	2
1	1792	416	2
1	1808	416	2
1	1824	416	2
1	1840	416	2
1	1856	416	2
1	1872	416	2
1	1888	416	2
1	1904	416	2
1	1920	416	2
1	1936	416	2
1	1952	416	2
1	1968	416	2
1	1984	416	2
1	2000	416	2
1	2016	416	2
1	2032	416	2
1	2048	416	2
1	2064	416	2
1	2080	416	2
1	2096	416	2
1	2112	416	2
1	2128	416	2
1	2144	416	2
1	2160	416	2
1	2176	416	2
1	2192	416	2
1	2208	416	2
1	2224	416	2

1	2272	416	2
1	2288	416	2
1	2304	416	2
1	2320	416	2
1	2336	416	2
1	2352	416	2
1	2368	416	2
1	2384	416	2
1	2400	416	2
1	2416	416	2
1	2432	416	2
1	2448	416	2
1	2464	416	2
1	2480	416	2
1	2496	416	2
1	2512	416	2
1	2528	416	2
1	2544	416	2
1	2560	416	2
1	2576	416	2
1	2592	416	2
1	2608	416	2
1	2624	416	2
1	2640	416	2
1	2656	416	2
1	2672	416	2
1	2688	416	2
1	2704	416	2
1	2720	416	2
1	2736	416	2
1	2752	416	2
1	2768	416	2
1	2784	416	2
1	2800	416	2

# ---- brick up layer ----
1	624	400	2
1	640	400	2
1	656	400	2
1	672	400	2
1	688	400	2
1	704	400	2
1	720	400	2
1	736	400	2
1	752	400	2
1	768	400	2
1	784	400	2
1	800	400	2
1	816	400	2
1	832	400	2
1	848	400	2
1	864	400	2
1	880	400	2
1	896	400	2
1	912	400	2
1	928	400	2
1	944	400	2
1	960	400	2
1	976	400	2
1	992	400	2
1	1008	400	2
1	1024	400	2
1	1040	400	2
1	1056	400	2
1	1072	400	2

#----- brick down layer---
1	624	416	4
1	640	416	4
1	656	416	4
1	672	416	4
1	688	416	4
1	704	416	4
1	720	416	4
1	736	416	4
1	752	416	4
1	768	416	4
1	784	416	4
1	800	416	4
1	816	416	4
1	832	416	4
1	848	416	4
1	864	416	4
1	880	416	4
1	896	416	4
1	912	416	4
1	928	416	4
1	944	416	4
1	960	416	4
1	976	416	4
1	992	416	4
1	1008	416	4
1	1024	416	4
1	1040	416	4
1	1056	416	4
1	1072	416	4

#---- fixed brick-----
1	1504	336	5
1	1520	336	5
1	1568	400	5
1	1584	384	5
1	1584	400	5
1	1600	368	5
1	1600	384	5
1	1600	400	5
1	1664	368	5
1	1664	384	5
1	1664	400	5
1	1680	384	5
1	1680	400	5
1	1696	400	5
1	2272	368	5
1	2288	368	5
1	2272	304	5
1	2288	304	5

# --- quesion brick-----
2	176	352	22
2	192	352	22
2	224	304	22
2	240	304	22
2	416	320	22
2	656	384	22
2	704	352	22
2	1472	368	22

#----- gold brick------
3	1440	128	6
3	1952	400	6
3	1968	384	6
3	1968	400	6
3	1984	368	6
3	1984	384	6
3	1984	400	6
3	2000	368	6
3	2000	384	6
3	2000	400	6
3	2016	368	6
3	2016	384	6
3	2016	400	6
3	2032	368	6
3	2032	384	6
3	2032	400	6
3	2048	400	6
3	2096	384	6
3	2096	400	6
3	2112	400	6

# white brick			
1	1408	192	11
1	1424	192	11
1	1440	192	11
1	1456	192	11
1	1488	176	11
1	1504	176	11
1	1520	176	11
1	1536	176	11
1	1552	176	11
1	1568	176	11
1	1584	176	11
1	1600	176	11
1	1616	176	11
1	1632	176	11
1	1648	176	11
1	1664	176	11
1	1680	176	11

# brick in second layer
# hàng 1
1	1968	464	23
1	1984	464	23
1	2000	464	23
1	2016	464	23
1	2032	464	23
1	2048	464	23
1	2064	464	23
1	2080	464	23
#1	2096	464	23
#1	2112	464	23
1	2128	464	23
1	2144	464	23
1	2160	464	23
1	2176	464	23
1	2192	464	23
1	2208	464	23
1	2224	464	23
1	2240	464	23
1	2256	464	23
1	2272	464	23
1	2288	464	23
1	2304	464	23
#1	2320	464	23
#1	2336	464	23
1	2352	464	23
1	2368	464	23
1	2384	464	23
1	2400	464	23
1	2416	464	23
1	2432	464	23
1	2448	464	23
1	2464	464	23
# hàng 2
1	1968	480	23
1	1984	480	23
1	2000	480	23
1	2016	480	23
1	2032	480	23
1	2048	480	23
1	2064	480	23
1	2080	480	23
#1	2096	480	23
#1	2112	480	23
#1	2128	480	23
#1	2144	480	23
#1	2160	480	23
#1	2176	480	23
#1	2192	480	23
#1	2208	480	23
#1	2224	480	23
#1	2240	480	23
#1	2256	480	23
#1	2272	480	23
#1	2288	480	23
#1	2304	480	23
#1	2320	480	23
#1	2336	480	23
1	2352	480	23
1	2368	480	23
1	2384	480	23
1	2400	480	23
1	2416	480	23
1	2432	480	23
1	2448	480	23
1	2464	480	23

# hàng 3
1	1968	496	23
1	1984	496	23
1	2000	496	23
1	2016	496	23
1	2032	496	23
1	2048	496	23
1	2064	496	23
1	2080	496	23
#1	2096	496	23
#1	2112	496	23
#1	2128	496	23
#1	2144	496	23
#1	2160	496	23
#1	2176	496	23
#1	2192	496	23
#1	2208	496	23
#1	2224	496	23
#1	2240	496	23
#1	2256	496	23
#1	2272	496	23
#1	2288	496	23
#1	2304	496	23
#1	2320	496	23
#1	2336	496	23
1	2352	496	23
1	2368	496	23
1	2384	496	23
1	2400	496	23
1	2416	496	23
1	2432	496	23
1	2448	496	23
1	2464	496	23

# hàng 4
1	1968	512	23
1	1984	512	23
1	2000	512	23
1	2016	512	23
1	2032	512	23
1	2048	512	23
1	2064	512	23
1	2080	512	23
#1	2096	512	23
#1	2112	512	23
#1	2128	512	23
#1	2144	512	23
#1	2160	512	23
#1	2176	512	23
#1	2192	512	23
#1	2208	512	23
#1	2224	512	23
#1	2240	512	23
#1	2256	512	23
#1	2272	512	23
#1	2288	512	23
#1	2304	512	23
#1	2320	512	23
#1	2336	512	23
1	2352	512	23
1	2368	512	23
1	2384	512	23
1	2400	512	23
1	2416	512	23
1	2432	512	23
1	2448	512	23
1	2464	512	23

# hàng 5
1	1968	528	23
1	1984	528	23
1	2000	528	23
1	2016	528	23
1	2032	528	23
1	2048	528	23
1	2064	528	23
1	2080	528	23
#1	2096	528	23
#1	2112	528	23
#1	2128	528	23
#1	2144	528	23
#1	2160	528	23
#1	2176	528	23
#1	2192	528	23
#1	2208	528	23
#1	2224	528	23
#1	2240	528	23
#1	2256	528	23
#1	2272	528	23
#1	2288	528	23
1	2304	528	23
1	2320	528	23
1	2336	528	23
1	2352	528	23
1	2368	528	23
1	2384	528	23
1	2400	528	23
1	2416	528	23
1	2432	528	23
1	2448	528	23
1	2464	528	23

# hàng 6
1	1968	544	23
1	1984	544	23
1	2000	544	23
1	2016	544	23
1	2032	544	23
1	2048	544	23
1	2064	544	23
1	2080	544	23
#1	2096	544	23
#1	2112	544	23
#1	2128	544	23
#1	2144	544	23
#1	2160	544	23
#1	2176	544	23
#1	2192	544	23
#1	2208	544	23
#1	2224	544	23
#1	2240	544	23
#1	2256	544	23
#1	2272	544	23
1	2288	544	23
1	2304	544	23
1	2320	544	23
1	2336	544	23
1	2352	544	23
1	2368	544	23
1	2384	544	23
1	2400	544	23
1	2416	544	23
1	2432	544	23
1	2448	544	23
1	2464	544	23

# hàng 7
1	1968	560	23
1	1984	560	23
1	2000	560	23
1	2016	560	23
1	2032	560	23
1	2048	560	23
1	2064	560	23
1	2080	560	23
#1	2096	560	23
#1	2112	560	23
#1	2128	560	23
#1	2144	560	23
#1	2160	560	23
#1	2176	560	23
#1	2192	560	23
#1	2208	560	23
#1	2224	560	23
#1	2240	560	23
#1	2256	560	23
1	2272	560	23
1	2288	560	23
1	2304	560	23
1	2320	560	23
1	2336	560	23
1	2352	560	23
1	2368	560	23
1	2384	560	23
1	2400	560	23
1	2416	560	23
1	2432	560	23
1	2448	560	23
1	2464	560	23

# hàng 8
1	1968	576	23
1	1984	576	23
1	2000	576	23
1	2016	576	23
1	2032	576	23
1	2048	576	23
1	2064	576	23
1	2080	576	23
#1	2096	576	23
#1	2112	576	23
#1	2128	576	23
#1	2144	576	23
#1	2160	576	23
#1	2176	576	23
#1	2192	576	23
#1	2208	576	23
#1	2224	576	23
#1	2240	576	23
1	2256	576	23
1	2272	576	23
1	2288	576	23
1	2304	576	23
1	2320	576	23
1	2336	576	23
1	2352	576	23
1	2368	576	23
1	2384	576	23
1	2400	576	23
1	2416	576	23
1	2432	576	23
1	2448	576	23
1	2464	576	23

# hàng 9
1	1968	592	23
1	1984	592	23
1	2000	592	23
1	2016	592	23
1	2032	592	23
1	2048	592	23
1	2064	592	23
1	2080	592	23
#1	2096	592	23
#1	2112	592	23
#1	2128	592	23
#1	2144	592	23
#1	2160	592	23
#1	2176	592	23
#1	2192	592	23
#1	2208	592	23
#1	2224	592	23
1	2240	592	23
1	2256	592	23
1	2272	592	23
1	2288	592	23
1	2304	592	23
1	2320	592	23
1	2336	592	23
1	2352	592	23
1	2368	592	23
1	2384	592	23
1	2400	592	23
1	2416	592	23
1	2432	592	23
1	2448	592	23
1	2464	592	23

# hàng 10
1	1968	608	23
1	1984	608	23
1	2000	608	23
1	2016	608	23
1	2032	608	23
1	2048	608	23
1	2064	608	23
1	2080	608	23
#1	2096	608	23
#1	2112	608	23
#1	2128	608	23
#1	2144	608	23
#1	2160	608	23
#1	2176	608	23
#1	2192	608	23
#1	2208	608	23
1	2224	608	23
1	2240	608	23
1	2256	608	23
1	2272	608	23
1	2288	608	23
1	2304	608	23
1	2320	608	23
1	2336	608	23
1	2352	608	23
1	2368	608	23
1	2384	608	23
1	2400	608	23
1	2416	608	23
1	2432	608	23
1	2448	608	23
1	2464	608	23

# 2 hàng dưới cùng
1	1968	624	23
1	1984	624	23
1	2000	624	23
1	2016	624	23
1	2032	624	23
1	2048	624	23
1	2064	624	23
1	2080	624	23
1	2096	624	23
1	2112	624	23
1	2128	624	23
1	2144	624	23
1	2160	624	23
1	2176	624	23
1	2192	624	23
1	2208	624	23
1	2224	624	23
1	2240	624	23
1	2256	624	23
1	2272	624	23
1	2288	624	23
1	2304	624	23
1	2320	624	23
1	2336	624	23
1	2352	624	23
1	2368	624	23
1	2384	624	23
1	2400	624	23
1	2416	624	23
1	2432	624	23
1	2448	624	23
1	2464	624	23
1	1968	640	23
1	1984	640	23
1	2000	640	23
1	2016	640	23
1	2032	640	23
1	2048	640	23
1	2064	640	23
1	2080	640	23
1	2096	640	23
1	2112	640	23
1	2128	640	23
1	2144	640	23
1	2160	640	23
1	2176	640	23
1	2192	640	23
1	2208	640	23
1	2224	640	23
1	2240	640	23
1	2256	640	23
1	2272	640	23
1	2288	640	23
1	2304	640	23
1	2320	640	23
1	2336	640	23
1	2352	640	23
1	2368	640	23
1	2384	640	23
1	2400	640	23
1	2416	640	23
1	2432	640	23
1	2448	640	23
1	2464	640	23


# BRICK GREEN 
# group 1
1	352	368	7
1	368	368	8
1	352	384	9
1	368	384	10
1	352	400	9
1	368	400	10

# group 2
1	1792	384	7
1	1808	384	8
1	1792	400	9
1	1808	400	10

# group 3
1	1856	368	7
1	1872	368	8
1	1856	384	9
1	1872	384	10
1	1856	400	9
1	1872	400	10

# group 4
1	2272	112	7
1	2288	112	8
1	2272	128	9
1	2272	144	9
1	2272	160	9
1	2272	176	9
1	2272	192	9
1	2272	208	9
1	2272	224	9
1	2272	240	9
1	2272	256	9
1	2272	272	9
1	2272	288	9
1	2288	128	10
1	2288	144	10
1	2288	160	10
1	2288	176	10
1	2288	192	10
1	2288	208	10
1	2288	224	10
1	2288	240	10
1	2288	256	10
1	2288	272	10
1	2288	288	10

# group 5
1	2272	384	9
1	2272	400	9
1	2288	384	10
1	2288	400	10

# group 6
1	2320	384	7
1	2336	384	8
1	2320	400	9
1	2336	400	10



# MARIO
0	50.0	0	1

5	240	368	2	288	369
5	272	336	2	320	337	
5	400	368	2	480	369
5	464	336	2	528	337
5	512	304	2	576	305
5	512	384	2	608	385
5	1264	384	2	1376	385
5	1296	352	2	1408	353
5	1328	320	2	1440	321
5	1312	144	2	1385	145
5	2144	368	2	2192	369
5	2176	272	2	2224	273


#--------------------------------
[ENEMY]
# Venus
3	1864	336	33
3	358	336	33

# GOOMBA
1	200	400	3
1	260	400	3
1	320	400	3
1	480	400	3
1	540	400	3


# Koopas
2	1488	390	31
#2	2112	358	31

#[COLORBLOCK]
# color block			
# green			
5	400	368	211
5	416	368	212
5	432	368	212
5	448	368	212
5	464	368	213
5	400	384	214
5	416	384	215
5	432	384	215
5	448	384	215
5	464	384	216
5	400	400	217
5	416	400	218
5	432	400	218
5	448	400	218
5	464	400	219
			
5	512	384	211
5	528	384	212
5	544	384	212
5	560	384	212
5	576	384	212
5	592	384	213
5	512	400	217
5	528	400	218
5	544	400	218
5	560	400	218
5	576	400	218
5	592	400	219
			
5	1264	384	211
5	1280	384	212
5	1296	384	212
5	1312	384	212
5	1328	384	212
5	1344	384	212
5	1360	384	213
5	1264	400	217
5	1280	400	218
5	1296	400	218
5	1312	400	218
5	1328	400	218
5	1344	400	218
5	1360	400	219
			
5	2176	272	211
5	2192	272	212
5	2208	272	213
5	2176	288	214
5	2192	288	215
5	2208	288	216
5	2176	304	214
5	2192	304	215
5	2208	304	216
5	2176	320	214
5	2192	320	215
5	2208	320	216
5	2176	336	214
5	2192	336	215
5	2208	336	216
5	2176	352	214
5	2192	352	215
5	2208	352	216
5	2192	368	215
5	2208	368	216
5	2192	384	215
5	2208	384	216
5	2192	400	215
5	2208	400	216
			
			
# white			
5	512	304	221
5	528	304	222
5	544	304	222
5	560	304	223
5	512	320	224
5	528	320	225
5	544	320	225
5	560	320	226
5	528	336	225
5	544	336	225
5	560	336	226
5	528	352	225
5	544	352	225
5	560	352	226
5	528	368	225
5	544	368	225
5	560	368	226
# blue			
5	272	336	231
5	288	336	232
5	304	336	233
5	272	352	234
5	288	352	235
5	304	352	236
5	288	368	235
5	304	368	236
5	288	384	235
5	304	384	236
5	288	400	238
5	304	400	239
			
5	1328	320	231
5	1344	320	232
5	1360	320	232
5	1376	320	232
5	1392	320	232
5	1408	320	232
5	1424	320	233
5	1328	336	234
5	1344	336	235
5	1360	336	235
5	1376	336	235
5	1392	336	235
5	1408	336	235
5	1424	336	236
5	1408	352	235
5	1424	352	236
5	1408	368	235
5	1424	368	236
5	1408	384	235
5	1424	384	236
5	1408	400	238
5	1424	400	239
			
# pink			
5	240	368	241
5	256	368	242
5	272	368	243
5	240	384	244
5	256	384	245
5	272	384	246
5	240	400	247
5	256	400	248
5	272	400	249
			
5	464	336	241
5	480	336	242
5	496	336	242
5	512	336	243
5	464	352	244
5	480	352	245
5	496	352	245
5	512	352	246
5	480	368	245
5	496	368	245
5	512	368	246
5	480	384	245
5	496	384	245
5	480	400	248
5	496	400	248
			
5	1296	352	241
5	1312	352	242
5	1328	352	242
5	1344	352	242
5	1360	352	242
5	1376	352	242
5	1392	352	243
5	1296	368	244
5	1312	368	245
5	1328	368	245
5	1344	368	245
5	1360	368	245
5	1376	368	245
5	1392	368	246
5	1376	384	245
5	1392	384	246
5	1376	400	248
5	1392	400	249
			
5	2144	368	241
5	2160	368	242
5	2176	368	243
5	2144	384	244
5	2160	384	245
5	2176	384	246
5	2144	400	247
5	2160	400	248
5	2176	400	249


