# id	file_path	transparent_color_r	g	b
[TEXTURES]
-10	textures\bbox.png	237	28	36
1	textures\worldmap.png	0	0	255
2	textures\worldmap_1.png	242	205	163
3	textures\wmap.png	242	205	163
4	textures\worldmap_2.png	0	0	255
0	textures\mario.png	255	255	255
20	textures\misc.png	176	224	248
10	textures\enemies.png	3	26	110
30	textures\map.png	255	255	255
40	textures\enemies-2.png	0	128	128
50	textures\enemies-3.png	255	255	255
60	textures\map1_1.png	255	255	255
70	textures\mario1.png	255	255	255
80	textures\tile_set.png	255	128	192
90	textures\hud.png	51	255	191

#========================================================
[SPRITES]
# id	left	top	right	bottom	texture_id
# bbox
0	1	17	1	17	-10
# Nền
1	1	1	17	16	1
# Nấm
2	69	17	85	32	1
# Start
3	1	33	17	49	1	
# Pháo đài
4	69	1	85	16	1
# Ổ khóa
5	86	17	102	32	1	
# Lá bài
6	137	33	153	49	1
# Lâu đài
7	52	1	68	16	1
# Cục đá
8	120	50	136	66	1
# Cây
11	1	17	17	32	1
12	18	17	34	32	1
13	35	17	51	32	1
14	52	17	68	32	1
# Nút
21	137	0	153	15	1
22	154	0	170	15	1
23	154	34	170	49	1
# Đường đi
24	50	52	66	67	2	
25	71	28	87	44	2
# Level
31	35	33	51	48	1
32	52	33	68	48	1
33	69	33	85	48	1
34	86	33	102	48	1
35	103	33	119	48	1
36	120	33	136	48	1
# Chữ M
37	137	16	153	32	1
# Mario
41	138	50	152	66	1
42	155	50	169	66	1
# Người
## Phải
43	103	17	119	32	1
44	120	17	136	31	1
## Trái
45	52	17	68	32	4
46	35	17	51	32	4
# Cầu
51	69	50	85	66	1
# Sông
61	1	50	17	66	1
62	18	50	34	66	1
63	35	50	51	66	1
64	52	50	68	66	1
65	86	50	102	66	1
66	103	50	119	66	1

# HUD
50000	5	120	316	158	90
# Number
90000	77	31	85	38	90
90001	87	31	95	38	90
90002	97	31	105	38	90
90003	107	31	115	38	90
90004	117	31	125	38	90
90005	127	31	135	38	90
90006	137	31	145	38	90
90007	147	31	155	38	90
90008	157	31	165	38	90
90009	167	31	175	38	90
# Item
# Mushroom
91001	188	165	204	181	90
# Flower
91002	212	165	228	181	90
# Star
91003	236	165	252	181	90
# Chữ M
91004	16	160	31	167	90
# Chữ L
91005	16	170	31	177	90
# Power
# Mũi tên
91011	64	162	72	169	90	
91012	92	162	99	169	90
# Chữ P
91013	71	162	88	169	90
91014	100	162	115	169	90

# Background
11111	0	0	255	185	3
#==============================================================
[ANIMATIONS]
# ani_id	sprite1_id	time1	sprite2_id	time2	...
# bbox
0	0	100
# Nền
101	1	100
# Nấm
102	2	100
# Start
103	3	100
# Pháo đài
104	4	100
# Ổ khóa
105	5	100
# Lá bài
106	6	100
# Lâu đài
107	7	100
# Cục đá
108	8	100
# Cây
211	11	200	12	200	13	200	14	200

# Nút
121	21	100
122	22	100
123	23	100
# Đường đi
124	24	100
125	25	100
# Level
131	31	100
132	32	100
133	33	100
134	34	100
135	35	100
136	36	100
# Chữ M
212	37	100
# Mario
231	41	100	42	100

# Người
242	43	100	44	100
243	45	100	46	100
# Cầu
151	51	100
# Sông
161	61	100
162	62	100
163	63	100
164	64	100
165	65	100
166	66	100

#=============================================================
[ANIMATION_SETS]
# id	ani1	ani2	ani3
# bbox
0	0
# Nền
1	101
# Nấm
2	102
# Start
3	103
# Pháo đài
4	104
# Ổ khóa
5	105
# Lá bài
6	106
# Lâu đài
7	107
# Cục đá
8	108
# Cây
71	211

# Nút
21	121
22	122
23	123
# Đường đi
24	124	
25	125
# Level
31	131
32	132
33	133
34	134
35	135
36	136
# Chữ M
72	212
# Mario
100	231	231	231	231	231	231	231	231	231	231	231	231	231	231	231	231	231	231	231	231	231	231	231	231	231	231	231	231	231	231	231	231	231	231	231	231	231	231	231	231	231	231	231	231	231	231	231	231	231	231	231	231	231	231	231	231	231	231	231	231	231	231	231	231	231	231	231	231	231	231	231	231	231	231	231	231	231	231	231	231	231	231	231	231

# Người
73	242	243
# Cầu
51	151
# Sông
61	161
62	162
63	163
64	164
65	165
66	166
#=============================================================
[BACKGROUND]
0	0	0
# Line 1			
1	14	16	71
1	14	32	71
1	14	64	71
1	14	80	71
1	14	96	71			
# Line 2			
1	30	16	71
1	30	32	71
1	30	64	71
1	30	80	71
# Line 3			
1	46	16	71
1	46	32	71
1	46	64	71
1	46	80	71
# Line 5			
1	78	32	71
1	78	48	71
1	78	64	71
# Line 6			
1	94	32	71
1	94	48	71
1	94	64	71
1	94	96	71
# Line 7		
1	110	32	71
1	110	48	71
1	110	64	71
1	110	96	71
# Line 8			
1	126	96	71
# Line 9			
1	142	32	71
1	142	64	71
1	142	80	71
# Line 10			
1	158	32	71
1	158	64	71
1	158	80	71
# Line 11			
1	174	32	71
1	174	64	71
# Line 12			
1	190	64	71
# Line 13			
1	206	16	71
1	206	32	71
1	206	48	71
1	206	64	71			
# Line 14			
1	222	16	71
1	222	32	71
1	222	48	71
1	222	64	71
1	222	80	71
1	222	96	71
1	222	112	71
1	222	128	71
1	222	144	71

#=============================================================
[OBJECTS]
# type	x	y	ani_set_id	extra_settings per object 
# Brick
#========================================
# Line 2
40	30	48	3	0	0	1	0	0	0

# Line 4
40	63	16	31	0	0	1	1	1	1
40	63	48	23	1	1	0	0	0	0
40	63	64	5	0	0	0	1	0	0
40	63	81	22	0	1	1	1	0	0
40	63	112	22	0	1	0	1	0	0
40	63	142	35	0	1	1	0	1	0

# Line 6
40	95	16	21	1	0	1	0	0	0
40	95	81	4	1	0	1	0	0	0
40	95	112	2	0	0	1	0	0	0
40	95	142	21	1	0	1	0	0	0

# Line 8
40	127	16	32	1	0	1	1	1	0
40	127	48	22	0	1	1	1	0	0
40	127	81	6	1	1	0	0	0	0
40	127	112	21	1	0	1	1	0	0
40	127	142	36	1	1	0	0	1	0

# Line 10
40	158	16	33	1	0	1	0	1	0
40	158	48	34	1	0	1	0	1	5
40	158	112	21	1	0	1	0	0	0

# Line 12
40	190	16	21	1	0	0	1	0	0
40	190	48	2	1	1	0	0	0	0
40	190	112	7	1	0	0	0	0	0

# Người
41	158	112	73	158	178

# mario
0	30	48	100
[CAMERA]
# XLeft	XRight
0	336